1 100 1
1 100 2
1 100 3
1 100 4
1 100 5
1 100 6
1 100 7
1 100 8
1 100 9
1 100 10
1 100 11
1 100 12
1 100 13
1 100 14
1 100 15
1 100 16
1 100 17
1 100 18
1 100 19
2 100 1
2 100 2
2 100 3
2 100 4
2 100 5
2 100 6
2 100 7
2 100 8
2 100 9
2 100 10
2 100 11
2 100 12
2 100 13
2 100 14
2 100 15
2 100 16
2 100 17
2 100 18
2 100 19
3 100 1
3 100 2
3 100 3
3 100 4
3 100 5
3 100 6
3 100 7
3 100 8
3 100 9
3 100 10
3 100 11
3 100 12
3 100 13
3 100 14
3 100 15
3 100 16
3 100 17
3 100 18
3 100 19
4 100 1
4 100 2
4 100 3
4 100 4
4 100 5
4 100 6
4 100 7
4 100 8
4 100 9
4 100 10
4 100 11
4 100 12
4 100 13
4 100 14
4 100 15
4 100 16
4 100 17
4 100 18
4 100 19
1 101 1
1 101 2
1 101 3
1 101 4
1 101 5
1 101 6
1 101 7
1 101 8
1 101 9
1 101 10
1 101 11
1 101 12
1 101 13
1 101 14
1 101 15
1 101 16
1 101 17
1 101 18
1 101 19
2 101 1
2 101 2
2 101 3
2 101 4
2 101 5
2 101 6
2 101 7
2 101 8
2 101 9
2 101 10
2 101 11
2 101 12
2 101 13
2 101 14
2 101 15
2 101 16
2 101 17
2 101 18
2 101 19
3 101 1
3 101 2
3 101 3
3 101 4
3 101 5
3 101 6
3 101 7
3 101 8
3 101 9
3 101 10
3 101 11
3 101 12
3 101 13
3 101 14
3 101 15
3 101 16
3 101 17
3 101 18
3 101 19
4 101 1
4 101 2
4 101 3
4 101 4
4 101 5
4 101 6
4 101 7
4 101 8
4 101 9
4 101 10
4 101 11
4 101 12
4 101 13
4 101 14
4 101 15
4 101 16
4 101 17
4 101 18
4 101 19
1 102 1
1 102 2
1 102 3
1 102 4
1 102 5
1 102 6
1 102 7
1 102 8
1 102 9
1 102 10
1 102 11
1 102 12
1 102 13
1 102 14
1 102 15
1 102 16
1 102 17
1 102 18
1 102 19
2 102 1
2 102 2
2 102 3
2 102 4
2 102 5
2 102 6
2 102 7
2 102 8
2 102 9
2 102 10
2 102 11
2 102 12
2 102 13
2 102 14
2 102 15
2 102 16
2 102 17
2 102 18
2 102 19
3 102 1
3 102 2
3 102 3
3 102 4
3 102 5
3 102 6
3 102 7
3 102 8
3 102 9
3 102 10
3 102 11
3 102 12
3 102 13
3 102 14
3 102 15
3 102 16
3 102 17
3 102 18
3 102 19
4 102 1
4 102 2
4 102 3
4 102 4
4 102 5
4 102 6
4 102 7
4 102 8
4 102 9
4 102 10
4 102 11
4 102 12
4 102 13
4 102 14
4 102 15
4 102 16
4 102 17
4 102 18
4 102 19
1 103 1
1 103 2
1 103 3
1 103 4
1 103 5
1 103 6
1 103 7
1 103 8
1 103 9
1 103 10
1 103 11
1 103 12
1 103 13
1 103 14
1 103 15
1 103 16
1 103 17
1 103 18
1 103 19
2 103 1
2 103 2
2 103 3
2 103 4
2 103 5
2 103 6
2 103 7
2 103 8
2 103 9
2 103 10
2 103 11
2 103 12
2 103 13
2 103 14
2 103 15
2 103 16
2 103 17
2 103 18
2 103 19
3 103 1
3 103 2
3 103 3
3 103 4
3 103 5
3 103 6
3 103 7
3 103 8
3 103 9
3 103 10
3 103 11
3 103 12
3 103 13
3 103 14
3 103 15
3 103 16
3 103 17
3 103 18
3 103 19
4 103 1
4 103 2
4 103 3
4 103 4
4 103 5
4 103 6
4 103 7
4 103 8
4 103 9
4 103 10
4 103 11
4 103 12
4 103 13
4 103 14
4 103 15
4 103 16
4 103 17
4 103 18
4 103 19
1 104 1
1 104 2
1 104 3
1 104 4
1 104 5
1 104 6
1 104 7
1 104 8
1 104 9
1 104 10
1 104 11
1 104 12
1 104 13
1 104 14
1 104 15
1 104 16
1 104 17
1 104 18
1 104 19
2 104 1
2 104 2
2 104 3
2 104 4
2 104 5
2 104 6
2 104 7
2 104 8
2 104 9
2 104 10
2 104 11
2 104 12
2 104 13
2 104 14
2 104 15
2 104 16
2 104 17
2 104 18
2 104 19
3 104 1
3 104 2
3 104 3
3 104 4
3 104 5
3 104 6
3 104 7
3 104 8
3 104 9
3 104 10
3 104 11
3 104 12
3 104 13
3 104 14
3 104 15
3 104 16
3 104 17
3 104 18
3 104 19
4 104 1
4 104 2
4 104 3
4 104 4
4 104 5
4 104 6
4 104 7
4 104 8
4 104 9
4 104 10
4 104 11
4 104 12
4 104 13
4 104 14
4 104 15
4 104 16
4 104 17
4 104 18
4 104 19
1 105 1
1 105 2
1 105 3
1 105 4
1 105 5
1 105 6
1 105 7
1 105 8
1 105 9
1 105 10
1 105 11
1 105 12
1 105 13
1 105 14
1 105 15
1 105 16
1 105 17
1 105 18
1 105 19
2 105 1
2 105 2
2 105 3
2 105 4
2 105 5
2 105 6
2 105 7
2 105 8
2 105 9
2 105 10
2 105 11
2 105 12
2 105 13
2 105 14
2 105 15
2 105 16
2 105 17
2 105 18
2 105 19
3 105 1
3 105 2
3 105 3
3 105 4
3 105 5
3 105 6
3 105 7
3 105 8
3 105 9
3 105 10
3 105 11
3 105 12
3 105 13
3 105 14
3 105 15
3 105 16
3 105 17
3 105 18
3 105 19
4 105 1
4 105 2
4 105 3
4 105 4
4 105 5
4 105 6
4 105 7
4 105 8
4 105 9
4 105 10
4 105 11
4 105 12
4 105 13
4 105 14
4 105 15
4 105 16
4 105 17
4 105 18
4 105 19
1 106 1
1 106 2
1 106 3
1 106 4
1 106 5
1 106 6
1 106 7
1 106 8
1 106 9
1 106 10
1 106 11
1 106 12
1 106 13
1 106 14
1 106 15
1 106 16
1 106 17
1 106 18
1 106 19
2 106 1
2 106 2
2 106 3
2 106 4
2 106 5
2 106 6
2 106 7
2 106 8
2 106 9
2 106 10
2 106 11
2 106 12
2 106 13
2 106 14
2 106 15
2 106 16
2 106 17
2 106 18
2 106 19
3 106 1
3 106 2
3 106 3
3 106 4
3 106 5
3 106 6
3 106 7
3 106 8
3 106 9
3 106 10
3 106 11
3 106 12
3 106 13
3 106 14
3 106 15
3 106 16
3 106 17
3 106 18
3 106 19
4 106 1
4 106 2
4 106 3
4 106 4
4 106 5
4 106 6
4 106 7
4 106 8
4 106 9
4 106 10
4 106 11
4 106 12
4 106 13
4 106 14
4 106 15
4 106 16
4 106 17
4 106 18
4 106 19
1 107 1
1 107 2
1 107 3
1 107 4
1 107 5
1 107 6
1 107 7
1 107 8
1 107 9
1 107 10
1 107 11
1 107 12
1 107 13
1 107 14
1 107 15
1 107 16
1 107 17
1 107 18
1 107 19
2 107 1
2 107 2
2 107 3
2 107 4
2 107 5
2 107 6
2 107 7
2 107 8
2 107 9
2 107 10
2 107 11
2 107 12
2 107 13
2 107 14
2 107 15
2 107 16
2 107 17
2 107 18
2 107 19
3 107 1
3 107 2
3 107 3
3 107 4
3 107 5
3 107 6
3 107 7
3 107 8
3 107 9
3 107 10
3 107 11
3 107 12
3 107 13
3 107 14
3 107 15
3 107 16
3 107 17
3 107 18
3 107 19
4 107 1
4 107 2
4 107 3
4 107 4
4 107 5
4 107 6
4 107 7
4 107 8
4 107 9
4 107 10
4 107 11
4 107 12
4 107 13
4 107 14
4 107 15
4 107 16
4 107 17
4 107 18
4 107 19
1 108 1
1 108 2
1 108 3
1 108 4
1 108 5
1 108 6
1 108 7
1 108 8
1 108 9
1 108 10
1 108 11
1 108 12
1 108 13
1 108 14
1 108 15
1 108 16
1 108 17
1 108 18
1 108 19
2 108 1
2 108 2
2 108 3
2 108 4
2 108 5
2 108 6
2 108 7
2 108 8
2 108 9
2 108 10
2 108 11
2 108 12
2 108 13
2 108 14
2 108 15
2 108 16
2 108 17
2 108 18
2 108 19
3 108 1
3 108 2
3 108 3
3 108 4
3 108 5
3 108 6
3 108 7
3 108 8
3 108 9
3 108 10
3 108 11
3 108 12
3 108 13
3 108 14
3 108 15
3 108 16
3 108 17
3 108 18
3 108 19
4 108 1
4 108 2
4 108 3
4 108 4
4 108 5
4 108 6
4 108 7
4 108 8
4 108 9
4 108 10
4 108 11
4 108 12
4 108 13
4 108 14
4 108 15
4 108 16
4 108 17
4 108 18
4 108 19
1 109 1
1 109 2
1 109 3
1 109 4
1 109 5
1 109 6
1 109 7
1 109 8
1 109 9
1 109 10
1 109 11
1 109 12
1 109 13
1 109 14
1 109 15
1 109 16
1 109 17
1 109 18
1 109 19
2 109 1
2 109 2
2 109 3
2 109 4
2 109 5
2 109 6
2 109 7
2 109 8
2 109 9
2 109 10
2 109 11
2 109 12
2 109 13
2 109 14
2 109 15
2 109 16
2 109 17
2 109 18
2 109 19
3 109 1
3 109 2
3 109 3
3 109 4
3 109 5
3 109 6
3 109 7
3 109 8
3 109 9
3 109 10
3 109 11
3 109 12
3 109 13
3 109 14
3 109 15
3 109 16
3 109 17
3 109 18
3 109 19
4 109 1
4 109 2
4 109 3
4 109 4
4 109 5
4 109 6
4 109 7
4 109 8
4 109 9
4 109 10
4 109 11
4 109 12
4 109 13
4 109 14
4 109 15
4 109 16
4 109 17
4 109 18
4 109 19
1 110 1
1 110 2
1 110 3
1 110 4
1 110 5
1 110 6
1 110 7
1 110 8
1 110 9
1 110 10
1 110 11
1 110 12
1 110 13
1 110 14
1 110 15
1 110 16
1 110 17
1 110 18
1 110 19
2 110 1
2 110 2
2 110 3
2 110 4
2 110 5
2 110 6
2 110 7
2 110 8
2 110 9
2 110 10
2 110 11
2 110 12
2 110 13
2 110 14
2 110 15
2 110 16
2 110 17
2 110 18
2 110 19
3 110 1
3 110 2
3 110 3
3 110 4
3 110 5
3 110 6
3 110 7
3 110 8
3 110 9
3 110 10
3 110 11
3 110 12
3 110 13
3 110 14
3 110 15
3 110 16
3 110 17
3 110 18
3 110 19
4 110 1
4 110 2
4 110 3
4 110 4
4 110 5
4 110 6
4 110 7
4 110 8
4 110 9
4 110 10
4 110 11
4 110 12
4 110 13
4 110 14
4 110 15
4 110 16
4 110 17
4 110 18
4 110 19
1 111 1
1 111 2
1 111 3
1 111 4
1 111 5
1 111 6
1 111 7
1 111 8
1 111 9
1 111 10
1 111 11
1 111 12
1 111 13
1 111 14
1 111 15
1 111 16
1 111 17
1 111 18
1 111 19
2 111 1
2 111 2
2 111 3
2 111 4
2 111 5
2 111 6
2 111 7
2 111 8
2 111 9
2 111 10
2 111 11
2 111 12
2 111 13
2 111 14
2 111 15
2 111 16
2 111 17
2 111 18
2 111 19
3 111 1
3 111 2
3 111 3
3 111 4
3 111 5
3 111 6
3 111 7
3 111 8
3 111 9
3 111 10
3 111 11
3 111 12
3 111 13
3 111 14
3 111 15
3 111 16
3 111 17
3 111 18
3 111 19
4 111 1
4 111 2
4 111 3
4 111 4
4 111 5
4 111 6
4 111 7
4 111 8
4 111 9
4 111 10
4 111 11
4 111 12
4 111 13
4 111 14
4 111 15
4 111 16
4 111 17
4 111 18
4 111 19
1 112 1
1 112 2
1 112 3
1 112 4
1 112 5
1 112 6
1 112 7
1 112 8
1 112 9
1 112 10
1 112 11
1 112 12
1 112 13
1 112 14
1 112 15
1 112 16
1 112 17
1 112 18
1 112 19
2 112 1
2 112 2
2 112 3
2 112 4
2 112 5
2 112 6
2 112 7
2 112 8
2 112 9
2 112 10
2 112 11
2 112 12
2 112 13
2 112 14
2 112 15
2 112 16
2 112 17
2 112 18
2 112 19
3 112 1
3 112 2
3 112 3
3 112 4
3 112 5
3 112 6
3 112 7
3 112 8
3 112 9
3 112 10
3 112 11
3 112 12
3 112 13
3 112 14
3 112 15
3 112 16
3 112 17
3 112 18
3 112 19
4 112 1
4 112 2
4 112 3
4 112 4
4 112 5
4 112 6
4 112 7
4 112 8
4 112 9
4 112 10
4 112 11
4 112 12
4 112 13
4 112 14
4 112 15
4 112 16
4 112 17
4 112 18
4 112 19
1 113 1
1 113 2
1 113 3
1 113 4
1 113 5
1 113 6
1 113 7
1 113 8
1 113 9
1 113 10
1 113 11
1 113 12
1 113 13
1 113 14
1 113 15
1 113 16
1 113 17
1 113 18
1 113 19
2 113 1
2 113 2
2 113 3
2 113 4
2 113 5
2 113 6
2 113 7
2 113 8
2 113 9
2 113 10
2 113 11
2 113 12
2 113 13
2 113 14
2 113 15
2 113 16
2 113 17
2 113 18
2 113 19
3 113 1
3 113 2
3 113 3
3 113 4
3 113 5
3 113 6
3 113 7
3 113 8
3 113 9
3 113 10
3 113 11
3 113 12
3 113 13
3 113 14
3 113 15
3 113 16
3 113 17
3 113 18
3 113 19
4 113 1
4 113 2
4 113 3
4 113 4
4 113 5
4 113 6
4 113 7
4 113 8
4 113 9
4 113 10
4 113 11
4 113 12
4 113 13
4 113 14
4 113 15
4 113 16
4 113 17
4 113 18
4 113 19
1 114 1
1 114 2
1 114 3
1 114 4
1 114 5
1 114 6
1 114 7
1 114 8
1 114 9
1 114 10
1 114 11
1 114 12
1 114 13
1 114 14
1 114 15
1 114 16
1 114 17
1 114 18
1 114 19
2 114 1
2 114 2
2 114 3
2 114 4
2 114 5
2 114 6
2 114 7
2 114 8
2 114 9
2 114 10
2 114 11
2 114 12
2 114 13
2 114 14
2 114 15
2 114 16
2 114 17
2 114 18
2 114 19
3 114 1
3 114 2
3 114 3
3 114 4
3 114 5
3 114 6
3 114 7
3 114 8
3 114 9
3 114 10
3 114 11
3 114 12
3 114 13
3 114 14
3 114 15
3 114 16
3 114 17
3 114 18
3 114 19
4 114 1
4 114 2
4 114 3
4 114 4
4 114 5
4 114 6
4 114 7
4 114 8
4 114 9
4 114 10
4 114 11
4 114 12
4 114 13
4 114 14
4 114 15
4 114 16
4 114 17
4 114 18
4 114 19
1 115 1
1 115 2
1 115 3
1 115 4
1 115 5
1 115 6
1 115 7
1 115 8
1 115 9
1 115 10
1 115 11
1 115 12
1 115 13
1 115 14
1 115 15
1 115 16
1 115 17
1 115 18
1 115 19
2 115 1
2 115 2
2 115 3
2 115 4
2 115 5
2 115 6
2 115 7
2 115 8
2 115 9
2 115 10
2 115 11
2 115 12
2 115 13
2 115 14
2 115 15
2 115 16
2 115 17
2 115 18
2 115 19
3 115 1
3 115 2
3 115 3
3 115 4
3 115 5
3 115 6
3 115 7
3 115 8
3 115 9
3 115 10
3 115 11
3 115 12
3 115 13
3 115 14
3 115 15
3 115 16
3 115 17
3 115 18
3 115 19
4 115 1
4 115 2
4 115 3
4 115 4
4 115 5
4 115 6
4 115 7
4 115 8
4 115 9
4 115 10
4 115 11
4 115 12
4 115 13
4 115 14
4 115 15
4 115 16
4 115 17
4 115 18
4 115 19
1 116 1
1 116 2
1 116 3
1 116 4
1 116 5
1 116 6
1 116 7
1 116 8
1 116 9
1 116 10
1 116 11
1 116 12
1 116 13
1 116 14
1 116 15
1 116 16
1 116 17
1 116 18
1 116 19
2 116 1
2 116 2
2 116 3
2 116 4
2 116 5
2 116 6
2 116 7
2 116 8
2 116 9
2 116 10
2 116 11
2 116 12
2 116 13
2 116 14
2 116 15
2 116 16
2 116 17
2 116 18
2 116 19
3 116 1
3 116 2
3 116 3
3 116 4
3 116 5
3 116 6
3 116 7
3 116 8
3 116 9
3 116 10
3 116 11
3 116 12
3 116 13
3 116 14
3 116 15
3 116 16
3 116 17
3 116 18
3 116 19
4 116 1
4 116 2
4 116 3
4 116 4
4 116 5
4 116 6
4 116 7
4 116 8
4 116 9
4 116 10
4 116 11
4 116 12
4 116 13
4 116 14
4 116 15
4 116 16
4 116 17
4 116 18
4 116 19
1 117 1
1 117 2
1 117 3
1 117 4
1 117 5
1 117 6
1 117 7
1 117 8
1 117 9
1 117 10
1 117 11
1 117 12
1 117 13
1 117 14
1 117 15
1 117 16
1 117 17
1 117 18
1 117 19
2 117 1
2 117 2
2 117 3
2 117 4
2 117 5
2 117 6
2 117 7
2 117 8
2 117 9
2 117 10
2 117 11
2 117 12
2 117 13
2 117 14
2 117 15
2 117 16
2 117 17
2 117 18
2 117 19
3 117 1
3 117 2
3 117 3
3 117 4
3 117 5
3 117 6
3 117 7
3 117 8
3 117 9
3 117 10
3 117 11
3 117 12
3 117 13
3 117 14
3 117 15
3 117 16
3 117 17
3 117 18
3 117 19
4 117 1
4 117 2
4 117 3
4 117 4
4 117 5
4 117 6
4 117 7
4 117 8
4 117 9
4 117 10
4 117 11
4 117 12
4 117 13
4 117 14
4 117 15
4 117 16
4 117 17
4 117 18
4 117 19
1 118 1
1 118 2
1 118 3
1 118 4
1 118 5
1 118 6
1 118 7
1 118 8
1 118 9
1 118 10
1 118 11
1 118 12
1 118 13
1 118 14
1 118 15
1 118 16
1 118 17
1 118 18
1 118 19
2 118 1
2 118 2
2 118 3
2 118 4
2 118 5
2 118 6
2 118 7
2 118 8
2 118 9
2 118 10
2 118 11
2 118 12
2 118 13
2 118 14
2 118 15
2 118 16
2 118 17
2 118 18
2 118 19
3 118 1
3 118 2
3 118 3
3 118 4
3 118 5
3 118 6
3 118 7
3 118 8
3 118 9
3 118 10
3 118 11
3 118 12
3 118 13
3 118 14
3 118 15
3 118 16
3 118 17
3 118 18
3 118 19
4 118 1
4 118 2
4 118 3
4 118 4
4 118 5
4 118 6
4 118 7
4 118 8
4 118 9
4 118 10
4 118 11
4 118 12
4 118 13
4 118 14
4 118 15
4 118 16
4 118 17
4 118 18
4 118 19
1 119 1
1 119 2
1 119 3
1 119 4
1 119 5
1 119 6
1 119 7
1 119 8
1 119 9
1 119 10
1 119 11
1 119 12
1 119 13
1 119 14
1 119 15
1 119 16
1 119 17
1 119 18
1 119 19
2 119 1
2 119 2
2 119 3
2 119 4
2 119 5
2 119 6
2 119 7
2 119 8
2 119 9
2 119 10
2 119 11
2 119 12
2 119 13
2 119 14
2 119 15
2 119 16
2 119 17
2 119 18
2 119 19
3 119 1
3 119 2
3 119 3
3 119 4
3 119 5
3 119 6
3 119 7
3 119 8
3 119 9
3 119 10
3 119 11
3 119 12
3 119 13
3 119 14
3 119 15
3 119 16
3 119 17
3 119 18
3 119 19
4 119 1
4 119 2
4 119 3
4 119 4
4 119 5
4 119 6
4 119 7
4 119 8
4 119 9
4 119 10
4 119 11
4 119 12
4 119 13
4 119 14
4 119 15
4 119 16
4 119 17
4 119 18
4 119 19
1 120 1
1 120 2
1 120 3
1 120 4
1 120 5
1 120 6
1 120 7
1 120 8
1 120 9
1 120 10
1 120 11
1 120 12
1 120 13
1 120 14
1 120 15
1 120 16
1 120 17
1 120 18
1 120 19
2 120 1
2 120 2
2 120 3
2 120 4
2 120 5
2 120 6
2 120 7
2 120 8
2 120 9
2 120 10
2 120 11
2 120 12
2 120 13
2 120 14
2 120 15
2 120 16
2 120 17
2 120 18
2 120 19
3 120 1
3 120 2
3 120 3
3 120 4
3 120 5
3 120 6
3 120 7
3 120 8
3 120 9
3 120 10
3 120 11
3 120 12
3 120 13
3 120 14
3 120 15
3 120 16
3 120 17
3 120 18
3 120 19
4 120 1
4 120 2
4 120 3
4 120 4
4 120 5
4 120 6
4 120 7
4 120 8
4 120 9
4 120 10
4 120 11
4 120 12
4 120 13
4 120 14
4 120 15
4 120 16
4 120 17
4 120 18
4 120 19
1 121 1
1 121 2
1 121 3
1 121 4
1 121 5
1 121 6
1 121 7
1 121 8
1 121 9
1 121 10
1 121 11
1 121 12
1 121 13
1 121 14
1 121 15
1 121 16
1 121 17
1 121 18
1 121 19
2 121 1
2 121 2
2 121 3
2 121 4
2 121 5
2 121 6
2 121 7
2 121 8
2 121 9
2 121 10
2 121 11
2 121 12
2 121 13
2 121 14
2 121 15
2 121 16
2 121 17
2 121 18
2 121 19
3 121 1
3 121 2
3 121 3
3 121 4
3 121 5
3 121 6
3 121 7
3 121 8
3 121 9
3 121 10
3 121 11
3 121 12
3 121 13
3 121 14
3 121 15
3 121 16
3 121 17
3 121 18
3 121 19
4 121 1
4 121 2
4 121 3
4 121 4
4 121 5
4 121 6
4 121 7
4 121 8
4 121 9
4 121 10
4 121 11
4 121 12
4 121 13
4 121 14
4 121 15
4 121 16
4 121 17
4 121 18
4 121 19
1 122 1
1 122 2
1 122 3
1 122 4
1 122 5
1 122 6
1 122 7
1 122 8
1 122 9
1 122 10
1 122 11
1 122 12
1 122 13
1 122 14
1 122 15
1 122 16
1 122 17
1 122 18
1 122 19
2 122 1
2 122 2
2 122 3
2 122 4
2 122 5
2 122 6
2 122 7
2 122 8
2 122 9
2 122 10
2 122 11
2 122 12
2 122 13
2 122 14
2 122 15
2 122 16
2 122 17
2 122 18
2 122 19
3 122 1
3 122 2
3 122 3
3 122 4
3 122 5
3 122 6
3 122 7
3 122 8
3 122 9
3 122 10
3 122 11
3 122 12
3 122 13
3 122 14
3 122 15
3 122 16
3 122 17
3 122 18
3 122 19
4 122 1
4 122 2
4 122 3
4 122 4
4 122 5
4 122 6
4 122 7
4 122 8
4 122 9
4 122 10
4 122 11
4 122 12
4 122 13
4 122 14
4 122 15
4 122 16
4 122 17
4 122 18
4 122 19
1 123 1
1 123 2
1 123 3
1 123 4
1 123 5
1 123 6
1 123 7
1 123 8
1 123 9
1 123 10
1 123 11
1 123 12
1 123 13
1 123 14
1 123 15
1 123 16
1 123 17
1 123 18
1 123 19
2 123 1
2 123 2
2 123 3
2 123 4
2 123 5
2 123 6
2 123 7
2 123 8
2 123 9
2 123 10
2 123 11
2 123 12
2 123 13
2 123 14
2 123 15
2 123 16
2 123 17
2 123 18
2 123 19
3 123 1
3 123 2
3 123 3
3 123 4
3 123 5
3 123 6
3 123 7
3 123 8
3 123 9
3 123 10
3 123 11
3 123 12
3 123 13
3 123 14
3 123 15
3 123 16
3 123 17
3 123 18
3 123 19
4 123 1
4 123 2
4 123 3
4 123 4
4 123 5
4 123 6
4 123 7
4 123 8
4 123 9
4 123 10
4 123 11
4 123 12
4 123 13
4 123 14
4 123 15
4 123 16
4 123 17
4 123 18
4 123 19
1 124 1
1 124 2
1 124 3
1 124 4
1 124 5
1 124 6
1 124 7
1 124 8
1 124 9
1 124 10
1 124 11
1 124 12
1 124 13
1 124 14
1 124 15
1 124 16
1 124 17
1 124 18
1 124 19
2 124 1
2 124 2
2 124 3
2 124 4
2 124 5
2 124 6
2 124 7
2 124 8
2 124 9
2 124 10
2 124 11
2 124 12
2 124 13
2 124 14
2 124 15
2 124 16
2 124 17
2 124 18
2 124 19
3 124 1
3 124 2
3 124 3
3 124 4
3 124 5
3 124 6
3 124 7
3 124 8
3 124 9
3 124 10
3 124 11
3 124 12
3 124 13
3 124 14
3 124 15
3 124 16
3 124 17
3 124 18
3 124 19
4 124 1
4 124 2
4 124 3
4 124 4
4 124 5
4 124 6
4 124 7
4 124 8
4 124 9
4 124 10
4 124 11
4 124 12
4 124 13
4 124 14
4 124 15
4 124 16
4 124 17
4 124 18
4 124 19
1 125 1
1 125 2
1 125 3
1 125 4
1 125 5
1 125 6
1 125 7
1 125 8
1 125 9
1 125 10
1 125 11
1 125 12
1 125 13
1 125 14
1 125 15
1 125 16
1 125 17
1 125 18
1 125 19
2 125 1
2 125 2
2 125 3
2 125 4
2 125 5
2 125 6
2 125 7
2 125 8
2 125 9
2 125 10
2 125 11
2 125 12
2 125 13
2 125 14
2 125 15
2 125 16
2 125 17
2 125 18
2 125 19
3 125 1
3 125 2
3 125 3
3 125 4
3 125 5
3 125 6
3 125 7
3 125 8
3 125 9
3 125 10
3 125 11
3 125 12
3 125 13
3 125 14
3 125 15
3 125 16
3 125 17
3 125 18
3 125 19
4 125 1
4 125 2
4 125 3
4 125 4
4 125 5
4 125 6
4 125 7
4 125 8
4 125 9
4 125 10
4 125 11
4 125 12
4 125 13
4 125 14
4 125 15
4 125 16
4 125 17
4 125 18
4 125 19
1 126 1
1 126 2
1 126 3
1 126 4
1 126 5
1 126 6
1 126 7
1 126 8
1 126 9
1 126 10
1 126 11
1 126 12
1 126 13
1 126 14
1 126 15
1 126 16
1 126 17
1 126 18
1 126 19
2 126 1
2 126 2
2 126 3
2 126 4
2 126 5
2 126 6
2 126 7
2 126 8
2 126 9
2 126 10
2 126 11
2 126 12
2 126 13
2 126 14
2 126 15
2 126 16
2 126 17
2 126 18
2 126 19
3 126 1
3 126 2
3 126 3
3 126 4
3 126 5
3 126 6
3 126 7
3 126 8
3 126 9
3 126 10
3 126 11
3 126 12
3 126 13
3 126 14
3 126 15
3 126 16
3 126 17
3 126 18
3 126 19
4 126 1
4 126 2
4 126 3
4 126 4
4 126 5
4 126 6
4 126 7
4 126 8
4 126 9
4 126 10
4 126 11
4 126 12
4 126 13
4 126 14
4 126 15
4 126 16
4 126 17
4 126 18
4 126 19
1 127 1
1 127 2
1 127 3
1 127 4
1 127 5
1 127 6
1 127 7
1 127 8
1 127 9
1 127 10
1 127 11
1 127 12
1 127 13
1 127 14
1 127 15
1 127 16
1 127 17
1 127 18
1 127 19
2 127 1
2 127 2
2 127 3
2 127 4
2 127 5
2 127 6
2 127 7
2 127 8
2 127 9
2 127 10
2 127 11
2 127 12
2 127 13
2 127 14
2 127 15
2 127 16
2 127 17
2 127 18
2 127 19
3 127 1
3 127 2
3 127 3
3 127 4
3 127 5
3 127 6
3 127 7
3 127 8
3 127 9
3 127 10
3 127 11
3 127 12
3 127 13
3 127 14
3 127 15
3 127 16
3 127 17
3 127 18
3 127 19
4 127 1
4 127 2
4 127 3
4 127 4
4 127 5
4 127 6
4 127 7
4 127 8
4 127 9
4 127 10
4 127 11
4 127 12
4 127 13
4 127 14
4 127 15
4 127 16
4 127 17
4 127 18
4 127 19
1 128 1
1 128 2
1 128 3
1 128 4
1 128 5
1 128 6
1 128 7
1 128 8
1 128 9
1 128 10
1 128 11
1 128 12
1 128 13
1 128 14
1 128 15
1 128 16
1 128 17
1 128 18
1 128 19
2 128 1
2 128 2
2 128 3
2 128 4
2 128 5
2 128 6
2 128 7
2 128 8
2 128 9
2 128 10
2 128 11
2 128 12
2 128 13
2 128 14
2 128 15
2 128 16
2 128 17
2 128 18
2 128 19
3 128 1
3 128 2
3 128 3
3 128 4
3 128 5
3 128 6
3 128 7
3 128 8
3 128 9
3 128 10
3 128 11
3 128 12
3 128 13
3 128 14
3 128 15
3 128 16
3 128 17
3 128 18
3 128 19
4 128 1
4 128 2
4 128 3
4 128 4
4 128 5
4 128 6
4 128 7
4 128 8
4 128 9
4 128 10
4 128 11
4 128 12
4 128 13
4 128 14
4 128 15
4 128 16
4 128 17
4 128 18
4 128 19
1 129 1
1 129 2
1 129 3
1 129 4
1 129 5
1 129 6
1 129 7
1 129 8
1 129 9
1 129 10
1 129 11
1 129 12
1 129 13
1 129 14
1 129 15
1 129 16
1 129 17
1 129 18
1 129 19
2 129 1
2 129 2
2 129 3
2 129 4
2 129 5
2 129 6
2 129 7
2 129 8
2 129 9
2 129 10
2 129 11
2 129 12
2 129 13
2 129 14
2 129 15
2 129 16
2 129 17
2 129 18
2 129 19
3 129 1
3 129 2
3 129 3
3 129 4
3 129 5
3 129 6
3 129 7
3 129 8
3 129 9
3 129 10
3 129 11
3 129 12
3 129 13
3 129 14
3 129 15
3 129 16
3 129 17
3 129 18
3 129 19
4 129 1
4 129 2
4 129 3
4 129 4
4 129 5
4 129 6
4 129 7
4 129 8
4 129 9
4 129 10
4 129 11
4 129 12
4 129 13
4 129 14
4 129 15
4 129 16
4 129 17
4 129 18
4 129 19
1 130 1
1 130 2
1 130 3
1 130 4
1 130 5
1 130 6
1 130 7
1 130 8
1 130 9
1 130 10
1 130 11
1 130 12
1 130 13
1 130 14
1 130 15
1 130 16
1 130 17
1 130 18
1 130 19
2 130 1
2 130 2
2 130 3
2 130 4
2 130 5
2 130 6
2 130 7
2 130 8
2 130 9
2 130 10
2 130 11
2 130 12
2 130 13
2 130 14
2 130 15
2 130 16
2 130 17
2 130 18
2 130 19
3 130 1
3 130 2
3 130 3
3 130 4
3 130 5
3 130 6
3 130 7
3 130 8
3 130 9
3 130 10
3 130 11
3 130 12
3 130 13
3 130 14
3 130 15
3 130 16
3 130 17
3 130 18
3 130 19
4 130 1
4 130 2
4 130 3
4 130 4
4 130 5
4 130 6
4 130 7
4 130 8
4 130 9
4 130 10
4 130 11
4 130 12
4 130 13
4 130 14
4 130 15
4 130 16
4 130 17
4 130 18
4 130 19
1 131 1
1 131 2
1 131 3
1 131 4
1 131 5
1 131 6
1 131 7
1 131 8
1 131 9
1 131 10
1 131 11
1 131 12
1 131 13
1 131 14
1 131 15
1 131 16
1 131 17
1 131 18
1 131 19
2 131 1
2 131 2
2 131 3
2 131 4
2 131 5
2 131 6
2 131 7
2 131 8
2 131 9
2 131 10
2 131 11
2 131 12
2 131 13
2 131 14
2 131 15
2 131 16
2 131 17
2 131 18
2 131 19
3 131 1
3 131 2
3 131 3
3 131 4
3 131 5
3 131 6
3 131 7
3 131 8
3 131 9
3 131 10
3 131 11
3 131 12
3 131 13
3 131 14
3 131 15
3 131 16
3 131 17
3 131 18
3 131 19
4 131 1
4 131 2
4 131 3
4 131 4
4 131 5
4 131 6
4 131 7
4 131 8
4 131 9
4 131 10
4 131 11
4 131 12
4 131 13
4 131 14
4 131 15
4 131 16
4 131 17
4 131 18
4 131 19
1 132 1
1 132 2
1 132 3
1 132 4
1 132 5
1 132 6
1 132 7
1 132 8
1 132 9
1 132 10
1 132 11
1 132 12
1 132 13
1 132 14
1 132 15
1 132 16
1 132 17
1 132 18
1 132 19
2 132 1
2 132 2
2 132 3
2 132 4
2 132 5
2 132 6
2 132 7
2 132 8
2 132 9
2 132 10
2 132 11
2 132 12
2 132 13
2 132 14
2 132 15
2 132 16
2 132 17
2 132 18
2 132 19
3 132 1
3 132 2
3 132 3
3 132 4
3 132 5
3 132 6
3 132 7
3 132 8
3 132 9
3 132 10
3 132 11
3 132 12
3 132 13
3 132 14
3 132 15
3 132 16
3 132 17
3 132 18
3 132 19
4 132 1
4 132 2
4 132 3
4 132 4
4 132 5
4 132 6
4 132 7
4 132 8
4 132 9
4 132 10
4 132 11
4 132 12
4 132 13
4 132 14
4 132 15
4 132 16
4 132 17
4 132 18
4 132 19
1 133 1
1 133 2
1 133 3
1 133 4
1 133 5
1 133 6
1 133 7
1 133 8
1 133 9
1 133 10
1 133 11
1 133 12
1 133 13
1 133 14
1 133 15
1 133 16
1 133 17
1 133 18
1 133 19
2 133 1
2 133 2
2 133 3
2 133 4
2 133 5
2 133 6
2 133 7
2 133 8
2 133 9
2 133 10
2 133 11
2 133 12
2 133 13
2 133 14
2 133 15
2 133 16
2 133 17
2 133 18
2 133 19
3 133 1
3 133 2
3 133 3
3 133 4
3 133 5
3 133 6
3 133 7
3 133 8
3 133 9
3 133 10
3 133 11
3 133 12
3 133 13
3 133 14
3 133 15
3 133 16
3 133 17
3 133 18
3 133 19
4 133 1
4 133 2
4 133 3
4 133 4
4 133 5
4 133 6
4 133 7
4 133 8
4 133 9
4 133 10
4 133 11
4 133 12
4 133 13
4 133 14
4 133 15
4 133 16
4 133 17
4 133 18
4 133 19
1 134 1
1 134 2
1 134 3
1 134 4
1 134 5
1 134 6
1 134 7
1 134 8
1 134 9
1 134 10
1 134 11
1 134 12
1 134 13
1 134 14
1 134 15
1 134 16
1 134 17
1 134 18
1 134 19
2 134 1
2 134 2
2 134 3
2 134 4
2 134 5
2 134 6
2 134 7
2 134 8
2 134 9
2 134 10
2 134 11
2 134 12
2 134 13
2 134 14
2 134 15
2 134 16
2 134 17
2 134 18
2 134 19
3 134 1
3 134 2
3 134 3
3 134 4
3 134 5
3 134 6
3 134 7
3 134 8
3 134 9
3 134 10
3 134 11
3 134 12
3 134 13
3 134 14
3 134 15
3 134 16
3 134 17
3 134 18
3 134 19
4 134 1
4 134 2
4 134 3
4 134 4
4 134 5
4 134 6
4 134 7
4 134 8
4 134 9
4 134 10
4 134 11
4 134 12
4 134 13
4 134 14
4 134 15
4 134 16
4 134 17
4 134 18
4 134 19
1 136 1
1 136 2
1 136 3
1 136 4
1 136 5
1 136 6
1 136 7
1 136 8
1 136 9
1 136 10
1 136 11
1 136 12
1 136 13
1 136 14
1 136 15
1 136 16
1 136 17
1 136 18
1 136 19
2 136 1
2 136 2
2 136 3
2 136 4
2 136 5
2 136 6
2 136 7
2 136 8
2 136 9
2 136 10
2 136 11
2 136 12
2 136 13
2 136 14
2 136 15
2 136 16
2 136 17
2 136 18
2 136 19
3 136 1
3 136 2
3 136 3
3 136 4
3 136 5
3 136 6
3 136 7
3 136 8
3 136 9
3 136 10
3 136 11
3 136 12
3 136 13
3 136 14
3 136 15
3 136 16
3 136 17
3 136 18
3 136 19
4 136 1
4 136 2
4 136 3
4 136 4
4 136 5
4 136 6
4 136 7
4 136 8
4 136 9
4 136 10
4 136 11
4 136 12
4 136 13
4 136 14
4 136 15
4 136 16
4 136 17
4 136 18
4 136 19
1 137 1
1 137 2
1 137 3
1 137 4
1 137 5
1 137 6
1 137 7
1 137 8
1 137 9
1 137 10
1 137 11
1 137 12
1 137 13
1 137 14
1 137 15
1 137 16
1 137 17
1 137 18
1 137 19
2 137 1
2 137 2
2 137 3
2 137 4
2 137 5
2 137 6
2 137 7
2 137 8
2 137 9
2 137 10
2 137 11
2 137 12
2 137 13
2 137 14
2 137 15
2 137 16
2 137 17
2 137 18
2 137 19
3 137 1
3 137 2
3 137 3
3 137 4
3 137 5
3 137 6
3 137 7
3 137 8
3 137 9
3 137 10
3 137 11
3 137 12
3 137 13
3 137 14
3 137 15
3 137 16
3 137 17
3 137 18
3 137 19
4 137 1
4 137 2
4 137 3
4 137 4
4 137 5
4 137 6
4 137 7
4 137 8
4 137 9
4 137 10
4 137 11
4 137 12
4 137 13
4 137 14
4 137 15
4 137 16
4 137 17
4 137 18
4 137 19
1 138 1
1 138 2
1 138 3
1 138 4
1 138 5
1 138 6
1 138 7
1 138 8
1 138 9
1 138 10
1 138 11
1 138 12
1 138 13
1 138 14
1 138 15
1 138 16
1 138 17
1 138 18
1 138 19
2 138 1
2 138 2
2 138 3
2 138 4
2 138 5
2 138 6
2 138 7
2 138 8
2 138 9
2 138 10
2 138 11
2 138 12
2 138 13
2 138 14
2 138 15
2 138 16
2 138 17
2 138 18
2 138 19
3 138 1
3 138 2
3 138 3
3 138 4
3 138 5
3 138 6
3 138 7
3 138 8
3 138 9
3 138 10
3 138 11
3 138 12
3 138 13
3 138 14
3 138 15
3 138 16
3 138 17
3 138 18
3 138 19
4 138 1
4 138 2
4 138 3
4 138 4
4 138 5
4 138 6
4 138 7
4 138 8
4 138 9
4 138 10
4 138 11
4 138 12
4 138 13
4 138 14
4 138 15
4 138 16
4 138 17
4 138 18
4 138 19
1 139 1
1 139 2
1 139 3
1 139 4
1 139 5
1 139 6
1 139 7
1 139 8
1 139 9
1 139 10
1 139 11
1 139 12
1 139 13
1 139 14
1 139 15
1 139 16
1 139 17
1 139 18
1 139 19
2 139 1
2 139 2
2 139 3
2 139 4
2 139 5
2 139 6
2 139 7
2 139 8
2 139 9
2 139 10
2 139 11
2 139 12
2 139 13
2 139 14
2 139 15
2 139 16
2 139 17
2 139 18
2 139 19
3 139 1
3 139 2
3 139 3
3 139 4
3 139 5
3 139 6
3 139 7
3 139 8
3 139 9
3 139 10
3 139 11
3 139 12
3 139 13
3 139 14
3 139 15
3 139 16
3 139 17
3 139 18
3 139 19
4 139 1
4 139 2
4 139 3
4 139 4
4 139 5
4 139 6
4 139 7
4 139 8
4 139 9
4 139 10
4 139 11
4 139 12
4 139 13
4 139 14
4 139 15
4 139 16
4 139 17
4 139 18
4 139 19
1 141 1
1 141 2
1 141 3
1 141 4
1 141 5
1 141 6
1 141 7
1 141 8
1 141 9
1 141 10
1 141 11
1 141 12
1 141 13
1 141 14
1 141 15
1 141 16
1 141 17
1 141 18
1 141 19
2 141 1
2 141 2
2 141 3
2 141 4
2 141 5
2 141 6
2 141 7
2 141 8
2 141 9
2 141 10
2 141 11
2 141 12
2 141 13
2 141 14
2 141 15
2 141 16
2 141 17
2 141 18
2 141 19
3 141 1
3 141 2
3 141 3
3 141 4
3 141 5
3 141 6
3 141 7
3 141 8
3 141 9
3 141 10
3 141 11
3 141 12
3 141 13
3 141 14
3 141 15
3 141 16
3 141 17
3 141 18
3 141 19
4 141 1
4 141 2
4 141 3
4 141 4
4 141 5
4 141 6
4 141 7
4 141 8
4 141 9
4 141 10
4 141 11
4 141 12
4 141 13
4 141 14
4 141 15
4 141 16
4 141 17
4 141 18
4 141 19
1 142 1
1 142 2
1 142 3
1 142 4
1 142 5
1 142 6
1 142 7
1 142 8
1 142 9
1 142 10
1 142 11
1 142 12
1 142 13
1 142 14
1 142 15
1 142 16
1 142 17
1 142 18
1 142 19
2 142 1
2 142 2
2 142 3
2 142 4
2 142 5
2 142 6
2 142 7
2 142 8
2 142 9
2 142 10
2 142 11
2 142 12
2 142 13
2 142 14
2 142 15
2 142 16
2 142 17
2 142 18
2 142 19
3 142 1
3 142 2
3 142 3
3 142 4
3 142 5
3 142 6
3 142 7
3 142 8
3 142 9
3 142 10
3 142 11
3 142 12
3 142 13
3 142 14
3 142 15
3 142 16
3 142 17
3 142 18
3 142 19
4 142 1
4 142 2
4 142 3
4 142 4
4 142 5
4 142 6
4 142 7
4 142 8
4 142 9
4 142 10
4 142 11
4 142 12
4 142 13
4 142 14
4 142 15
4 142 16
4 142 17
4 142 18
4 142 19
1 143 1
1 143 2
1 143 3
1 143 4
1 143 5
1 143 6
1 143 7
1 143 8
1 143 9
1 143 10
1 143 11
1 143 12
1 143 13
1 143 14
1 143 15
1 143 16
1 143 17
1 143 18
1 143 19
2 143 1
2 143 2
2 143 3
2 143 4
2 143 5
2 143 6
2 143 7
2 143 8
2 143 9
2 143 10
2 143 11
2 143 12
2 143 13
2 143 14
2 143 15
2 143 16
2 143 17
2 143 18
2 143 19
3 143 1
3 143 2
3 143 3
3 143 4
3 143 5
3 143 6
3 143 7
3 143 8
3 143 9
3 143 10
3 143 11
3 143 12
3 143 13
3 143 14
3 143 15
3 143 16
3 143 17
3 143 18
3 143 19
4 143 1
4 143 2
4 143 3
4 143 4
4 143 5
4 143 6
4 143 7
4 143 8
4 143 9
4 143 10
4 143 11
4 143 12
4 143 13
4 143 14
4 143 15
4 143 16
4 143 17
4 143 18
4 143 19
1 144 1
1 144 2
1 144 3
1 144 4
1 144 5
1 144 6
1 144 7
1 144 8
1 144 9
1 144 10
1 144 11
1 144 12
1 144 13
1 144 14
1 144 15
1 144 16
1 144 17
1 144 18
1 144 19
2 144 1
2 144 2
2 144 3
2 144 4
2 144 5
2 144 6
2 144 7
2 144 8
2 144 9
2 144 10
2 144 11
2 144 12
2 144 13
2 144 14
2 144 15
2 144 16
2 144 17
2 144 18
2 144 19
3 144 1
3 144 2
3 144 3
3 144 4
3 144 5
3 144 6
3 144 7
3 144 8
3 144 9
3 144 10
3 144 11
3 144 12
3 144 13
3 144 14
3 144 15
3 144 16
3 144 17
3 144 18
3 144 19
4 144 1
4 144 2
4 144 3
4 144 4
4 144 5
4 144 6
4 144 7
4 144 8
4 144 9
4 144 10
4 144 11
4 144 12
4 144 13
4 144 14
4 144 15
4 144 16
4 144 17
4 144 18
4 144 19
1 145 1
1 145 2
1 145 3
1 145 4
1 145 5
1 145 6
1 145 7
1 145 8
1 145 9
1 145 10
1 145 11
1 145 12
1 145 13
1 145 14
1 145 15
1 145 16
1 145 17
1 145 18
1 145 19
2 145 1
2 145 2
2 145 3
2 145 4
2 145 5
2 145 6
2 145 7
2 145 8
2 145 9
2 145 10
2 145 11
2 145 12
2 145 13
2 145 14
2 145 15
2 145 16
2 145 17
2 145 18
2 145 19
3 145 1
3 145 2
3 145 3
3 145 4
3 145 5
3 145 6
3 145 7
3 145 8
3 145 9
3 145 10
3 145 11
3 145 12
3 145 13
3 145 14
3 145 15
3 145 16
3 145 17
3 145 18
3 145 19
4 145 1
4 145 2
4 145 3
4 145 4
4 145 5
4 145 6
4 145 7
4 145 8
4 145 9
4 145 10
4 145 11
4 145 12
4 145 13
4 145 14
4 145 15
4 145 16
4 145 17
4 145 18
4 145 19
1 146 1
1 146 2
1 146 3
1 146 4
1 146 5
1 146 6
1 146 7
1 146 8
1 146 9
1 146 10
1 146 11
1 146 12
1 146 13
1 146 14
1 146 15
1 146 16
1 146 17
1 146 18
1 146 19
2 146 1
2 146 2
2 146 3
2 146 4
2 146 5
2 146 6
2 146 7
2 146 8
2 146 9
2 146 10
2 146 11
2 146 12
2 146 13
2 146 14
2 146 15
2 146 16
2 146 17
2 146 18
2 146 19
3 146 1
3 146 2
3 146 3
3 146 4
3 146 5
3 146 6
3 146 7
3 146 8
3 146 9
3 146 10
3 146 11
3 146 12
3 146 13
3 146 14
3 146 15
3 146 16
3 146 17
3 146 18
3 146 19
4 146 1
4 146 2
4 146 3
4 146 4
4 146 5
4 146 6
4 146 7
4 146 8
4 146 9
4 146 10
4 146 11
4 146 12
4 146 13
4 146 14
4 146 15
4 146 16
4 146 17
4 146 18
4 146 19
1 147 1
1 147 2
1 147 3
1 147 4
1 147 5
1 147 6
1 147 7
1 147 8
1 147 9
1 147 10
1 147 11
1 147 12
1 147 13
1 147 14
1 147 15
1 147 16
1 147 17
1 147 18
1 147 19
2 147 1
2 147 2
2 147 3
2 147 4
2 147 5
2 147 6
2 147 7
2 147 8
2 147 9
2 147 10
2 147 11
2 147 12
2 147 13
2 147 14
2 147 15
2 147 16
2 147 17
2 147 18
2 147 19
3 147 1
3 147 2
3 147 3
3 147 4
3 147 5
3 147 6
3 147 7
3 147 8
3 147 9
3 147 10
3 147 11
3 147 12
3 147 13
3 147 14
3 147 15
3 147 16
3 147 17
3 147 18
3 147 19
4 147 1
4 147 2
4 147 3
4 147 4
4 147 5
4 147 6
4 147 7
4 147 8
4 147 9
4 147 10
4 147 11
4 147 12
4 147 13
4 147 14
4 147 15
4 147 16
4 147 17
4 147 18
4 147 19
1 148 1
1 148 2
1 148 3
1 148 4
1 148 5
1 148 6
1 148 7
1 148 8
1 148 9
1 148 10
1 148 11
1 148 12
1 148 13
1 148 14
1 148 15
1 148 16
1 148 17
1 148 18
1 148 19
2 148 1
2 148 2
2 148 3
2 148 4
2 148 5
2 148 6
2 148 7
2 148 8
2 148 9
2 148 10
2 148 11
2 148 12
2 148 13
2 148 14
2 148 15
2 148 16
2 148 17
2 148 18
2 148 19
3 148 1
3 148 2
3 148 3
3 148 4
3 148 5
3 148 6
3 148 7
3 148 8
3 148 9
3 148 10
3 148 11
3 148 12
3 148 13
3 148 14
3 148 15
3 148 16
3 148 17
3 148 18
3 148 19
4 148 1
4 148 2
4 148 3
4 148 4
4 148 5
4 148 6
4 148 7
4 148 8
4 148 9
4 148 10
4 148 11
4 148 12
4 148 13
4 148 14
4 148 15
4 148 16
4 148 17
4 148 18
4 148 19
1 149 1
1 149 2
1 149 3
1 149 4
1 149 5
1 149 6
1 149 7
1 149 8
1 149 9
1 149 10
1 149 11
1 149 12
1 149 13
1 149 14
1 149 15
1 149 16
1 149 17
1 149 18
1 149 19
2 149 1
2 149 2
2 149 3
2 149 4
2 149 5
2 149 6
2 149 7
2 149 8
2 149 9
2 149 10
2 149 11
2 149 12
2 149 13
2 149 14
2 149 15
2 149 16
2 149 17
2 149 18
2 149 19
3 149 1
3 149 2
3 149 3
3 149 4
3 149 5
3 149 6
3 149 7
3 149 8
3 149 9
3 149 10
3 149 11
3 149 12
3 149 13
3 149 14
3 149 15
3 149 16
3 149 17
3 149 18
3 149 19
4 149 1
4 149 2
4 149 3
4 149 4
4 149 5
4 149 6
4 149 7
4 149 8
4 149 9
4 149 10
4 149 11
4 149 12
4 149 13
4 149 14
4 149 15
4 149 16
4 149 17
4 149 18
4 149 19
1 150 1
1 150 2
1 150 3
1 150 4
1 150 5
1 150 6
1 150 7
1 150 8
1 150 9
1 150 10
1 150 11
1 150 12
1 150 13
1 150 14
1 150 15
1 150 16
1 150 17
1 150 18
1 150 19
2 150 1
2 150 2
2 150 3
2 150 4
2 150 5
2 150 6
2 150 7
2 150 8
2 150 9
2 150 10
2 150 11
2 150 12
2 150 13
2 150 14
2 150 15
2 150 16
2 150 17
2 150 18
2 150 19
3 150 1
3 150 2
3 150 3
3 150 4
3 150 5
3 150 6
3 150 7
3 150 8
3 150 9
3 150 10
3 150 11
3 150 12
3 150 13
3 150 14
3 150 15
3 150 16
3 150 17
3 150 18
3 150 19
4 150 1
4 150 2
4 150 3
4 150 4
4 150 5
4 150 6
4 150 7
4 150 8
4 150 9
4 150 10
4 150 11
4 150 12
4 150 13
4 150 14
4 150 15
4 150 16
4 150 17
4 150 18
4 150 19
1 151 1
1 151 2
1 151 3
1 151 4
1 151 5
1 151 6
1 151 7
1 151 8
1 151 9
1 151 10
1 151 11
1 151 12
1 151 13
1 151 14
1 151 15
1 151 16
1 151 17
1 151 18
1 151 19
2 151 1
2 151 2
2 151 3
2 151 4
2 151 5
2 151 6
2 151 7
2 151 8
2 151 9
2 151 10
2 151 11
2 151 12
2 151 13
2 151 14
2 151 15
2 151 16
2 151 17
2 151 18
2 151 19
3 151 1
3 151 2
3 151 3
3 151 4
3 151 5
3 151 6
3 151 7
3 151 8
3 151 9
3 151 10
3 151 11
3 151 12
3 151 13
3 151 14
3 151 15
3 151 16
3 151 17
3 151 18
3 151 19
4 151 1
4 151 2
4 151 3
4 151 4
4 151 5
4 151 6
4 151 7
4 151 8
4 151 9
4 151 10
4 151 11
4 151 12
4 151 13
4 151 14
4 151 15
4 151 16
4 151 17
4 151 18
4 151 19
1 152 1
1 152 2
1 152 3
1 152 4
1 152 5
1 152 6
1 152 7
1 152 8
1 152 9
1 152 10
1 152 11
1 152 12
1 152 13
1 152 14
1 152 15
1 152 16
1 152 17
1 152 18
1 152 19
2 152 1
2 152 2
2 152 3
2 152 4
2 152 5
2 152 6
2 152 7
2 152 8
2 152 9
2 152 10
2 152 11
2 152 12
2 152 13
2 152 14
2 152 15
2 152 16
2 152 17
2 152 18
2 152 19
3 152 1
3 152 2
3 152 3
3 152 4
3 152 5
3 152 6
3 152 7
3 152 8
3 152 9
3 152 10
3 152 11
3 152 12
3 152 13
3 152 14
3 152 15
3 152 16
3 152 17
3 152 18
3 152 19
4 152 1
4 152 2
4 152 3
4 152 4
4 152 5
4 152 6
4 152 7
4 152 8
4 152 9
4 152 10
4 152 11
4 152 12
4 152 13
4 152 14
4 152 15
4 152 16
4 152 17
4 152 18
4 152 19
1 153 1
1 153 2
1 153 3
1 153 4
1 153 5
1 153 6
1 153 7
1 153 8
1 153 9
1 153 10
1 153 11
1 153 12
1 153 13
1 153 14
1 153 15
1 153 16
1 153 17
1 153 18
1 153 19
2 153 1
2 153 2
2 153 3
2 153 4
2 153 5
2 153 6
2 153 7
2 153 8
2 153 9
2 153 10
2 153 11
2 153 12
2 153 13
2 153 14
2 153 15
2 153 16
2 153 17
2 153 18
2 153 19
3 153 1
3 153 2
3 153 3
3 153 4
3 153 5
3 153 6
3 153 7
3 153 8
3 153 9
3 153 10
3 153 11
3 153 12
3 153 13
3 153 14
3 153 15
3 153 16
3 153 17
3 153 18
3 153 19
4 153 1
4 153 2
4 153 3
4 153 4
4 153 5
4 153 6
4 153 7
4 153 8
4 153 9
4 153 10
4 153 11
4 153 12
4 153 13
4 153 14
4 153 15
4 153 16
4 153 17
4 153 18
4 153 19
1 154 1
1 154 2
1 154 3
1 154 4
1 154 5
1 154 6
1 154 7
1 154 8
1 154 9
1 154 10
1 154 11
1 154 12
1 154 13
1 154 14
1 154 15
1 154 16
1 154 17
1 154 18
1 154 19
2 154 1
2 154 2
2 154 3
2 154 4
2 154 5
2 154 6
2 154 7
2 154 8
2 154 9
2 154 10
2 154 11
2 154 12
2 154 13
2 154 14
2 154 15
2 154 16
2 154 17
2 154 18
2 154 19
3 154 1
3 154 2
3 154 3
3 154 4
3 154 5
3 154 6
3 154 7
3 154 8
3 154 9
3 154 10
3 154 11
3 154 12
3 154 13
3 154 14
3 154 15
3 154 16
3 154 17
3 154 18
3 154 19
4 154 1
4 154 2
4 154 3
4 154 4
4 154 5
4 154 6
4 154 7
4 154 8
4 154 9
4 154 10
4 154 11
4 154 12
4 154 13
4 154 14
4 154 15
4 154 16
4 154 17
4 154 18
4 154 19
1 155 1
1 155 2
1 155 3
1 155 4
1 155 5
1 155 6
1 155 7
1 155 8
1 155 9
1 155 10
1 155 11
1 155 12
1 155 13
1 155 14
1 155 15
1 155 16
1 155 17
1 155 18
1 155 19
2 155 1
2 155 2
2 155 3
2 155 4
2 155 5
2 155 6
2 155 7
2 155 8
2 155 9
2 155 10
2 155 11
2 155 12
2 155 13
2 155 14
2 155 15
2 155 16
2 155 17
2 155 18
2 155 19
3 155 1
3 155 2
3 155 3
3 155 4
3 155 5
3 155 6
3 155 7
3 155 8
3 155 9
3 155 10
3 155 11
3 155 12
3 155 13
3 155 14
3 155 15
3 155 16
3 155 17
3 155 18
3 155 19
4 155 1
4 155 2
4 155 3
4 155 4
4 155 5
4 155 6
4 155 7
4 155 8
4 155 9
4 155 10
4 155 11
4 155 12
4 155 13
4 155 14
4 155 15
4 155 16
4 155 17
4 155 18
4 155 19
1 156 1
1 156 2
1 156 3
1 156 4
1 156 5
1 156 6
1 156 7
1 156 8
1 156 9
1 156 10
1 156 11
1 156 12
1 156 13
1 156 14
1 156 15
1 156 16
1 156 17
1 156 18
1 156 19
2 156 1
2 156 2
2 156 3
2 156 4
2 156 5
2 156 6
2 156 7
2 156 8
2 156 9
2 156 10
2 156 11
2 156 12
2 156 13
2 156 14
2 156 15
2 156 16
2 156 17
2 156 18
2 156 19
3 156 1
3 156 2
3 156 3
3 156 4
3 156 5
3 156 6
3 156 7
3 156 8
3 156 9
3 156 10
3 156 11
3 156 12
3 156 13
3 156 14
3 156 15
3 156 16
3 156 17
3 156 18
3 156 19
4 156 1
4 156 2
4 156 3
4 156 4
4 156 5
4 156 6
4 156 7
4 156 8
4 156 9
4 156 10
4 156 11
4 156 12
4 156 13
4 156 14
4 156 15
4 156 16
4 156 17
4 156 18
4 156 19
1 157 1
1 157 2
1 157 3
1 157 4
1 157 5
1 157 6
1 157 7
1 157 8
1 157 9
1 157 10
1 157 11
1 157 12
1 157 13
1 157 14
1 157 15
1 157 16
1 157 17
1 157 18
1 157 19
2 157 1
2 157 2
2 157 3
2 157 4
2 157 5
2 157 6
2 157 7
2 157 8
2 157 9
2 157 10
2 157 11
2 157 12
2 157 13
2 157 14
2 157 15
2 157 16
2 157 17
2 157 18
2 157 19
3 157 1
3 157 2
3 157 3
3 157 4
3 157 5
3 157 6
3 157 7
3 157 8
3 157 9
3 157 10
3 157 11
3 157 12
3 157 13
3 157 14
3 157 15
3 157 16
3 157 17
3 157 18
3 157 19
4 157 1
4 157 2
4 157 3
4 157 4
4 157 5
4 157 6
4 157 7
4 157 8
4 157 9
4 157 10
4 157 11
4 157 12
4 157 13
4 157 14
4 157 15
4 157 16
4 157 17
4 157 18
4 157 19
1 158 1
1 158 2
1 158 3
1 158 4
1 158 5
1 158 6
1 158 7
1 158 8
1 158 9
1 158 10
1 158 11
1 158 12
1 158 13
1 158 14
1 158 15
1 158 16
1 158 17
1 158 18
1 158 19
2 158 1
2 158 2
2 158 3
2 158 4
2 158 5
2 158 6
2 158 7
2 158 8
2 158 9
2 158 10
2 158 11
2 158 12
2 158 13
2 158 14
2 158 15
2 158 16
2 158 17
2 158 18
2 158 19
3 158 1
3 158 2
3 158 3
3 158 4
3 158 5
3 158 6
3 158 7
3 158 8
3 158 9
3 158 10
3 158 11
3 158 12
3 158 13
3 158 14
3 158 15
3 158 16
3 158 17
3 158 18
3 158 19
4 158 1
4 158 2
4 158 3
4 158 4
4 158 5
4 158 6
4 158 7
4 158 8
4 158 9
4 158 10
4 158 11
4 158 12
4 158 13
4 158 14
4 158 15
4 158 16
4 158 17
4 158 18
4 158 19
1 159 1
1 159 2
1 159 3
1 159 4
1 159 5
1 159 6
1 159 7
1 159 8
1 159 9
1 159 10
1 159 11
1 159 12
1 159 13
1 159 14
1 159 15
1 159 16
1 159 17
1 159 18
1 159 19
2 159 1
2 159 2
2 159 3
2 159 4
2 159 5
2 159 6
2 159 7
2 159 8
2 159 9
2 159 10
2 159 11
2 159 12
2 159 13
2 159 14
2 159 15
2 159 16
2 159 17
2 159 18
2 159 19
3 159 1
3 159 2
3 159 3
3 159 4
3 159 5
3 159 6
3 159 7
3 159 8
3 159 9
3 159 10
3 159 11
3 159 12
3 159 13
3 159 14
3 159 15
3 159 16
3 159 17
3 159 18
3 159 19
4 159 1
4 159 2
4 159 3
4 159 4
4 159 5
4 159 6
4 159 7
4 159 8
4 159 9
4 159 10
4 159 11
4 159 12
4 159 13
4 159 14
4 159 15
4 159 16
4 159 17
4 159 18
4 159 19
1 160 1
1 160 2
1 160 3
1 160 4
1 160 5
1 160 6
1 160 7
1 160 8
1 160 9
1 160 10
1 160 11
1 160 12
1 160 13
1 160 14
1 160 15
1 160 16
1 160 17
1 160 18
1 160 19
2 160 1
2 160 2
2 160 3
2 160 4
2 160 5
2 160 6
2 160 7
2 160 8
2 160 9
2 160 10
2 160 11
2 160 12
2 160 13
2 160 14
2 160 15
2 160 16
2 160 17
2 160 18
2 160 19
3 160 1
3 160 2
3 160 3
3 160 4
3 160 5
3 160 6
3 160 7
3 160 8
3 160 9
3 160 10
3 160 11
3 160 12
3 160 13
3 160 14
3 160 15
3 160 16
3 160 17
3 160 18
3 160 19
4 160 1
4 160 2
4 160 3
4 160 4
4 160 5
4 160 6
4 160 7
4 160 8
4 160 9
4 160 10
4 160 11
4 160 12
4 160 13
4 160 14
4 160 15
4 160 16
4 160 17
4 160 18
4 160 19
1 161 1
1 161 2
1 161 3
1 161 4
1 161 5
1 161 6
1 161 7
1 161 8
1 161 9
1 161 10
1 161 11
1 161 12
1 161 13
1 161 14
1 161 15
1 161 16
1 161 17
1 161 18
1 161 19
2 161 1
2 161 2
2 161 3
2 161 4
2 161 5
2 161 6
2 161 7
2 161 8
2 161 9
2 161 10
2 161 11
2 161 12
2 161 13
2 161 14
2 161 15
2 161 16
2 161 17
2 161 18
2 161 19
3 161 1
3 161 2
3 161 3
3 161 4
3 161 5
3 161 6
3 161 7
3 161 8
3 161 9
3 161 10
3 161 11
3 161 12
3 161 13
3 161 14
3 161 15
3 161 16
3 161 17
3 161 18
3 161 19
4 161 1
4 161 2
4 161 3
4 161 4
4 161 5
4 161 6
4 161 7
4 161 8
4 161 9
4 161 10
4 161 11
4 161 12
4 161 13
4 161 14
4 161 15
4 161 16
4 161 17
4 161 18
4 161 19
1 162 1
1 162 2
1 162 3
1 162 4
1 162 5
1 162 6
1 162 7
1 162 8
1 162 9
1 162 10
1 162 11
1 162 12
1 162 13
1 162 14
1 162 15
1 162 16
1 162 17
1 162 18
1 162 19
2 162 1
2 162 2
2 162 3
2 162 4
2 162 5
2 162 6
2 162 7
2 162 8
2 162 9
2 162 10
2 162 11
2 162 12
2 162 13
2 162 14
2 162 15
2 162 16
2 162 17
2 162 18
2 162 19
3 162 1
3 162 2
3 162 3
3 162 4
3 162 5
3 162 6
3 162 7
3 162 8
3 162 9
3 162 10
3 162 11
3 162 12
3 162 13
3 162 14
3 162 15
3 162 16
3 162 17
3 162 18
3 162 19
4 162 1
4 162 2
4 162 3
4 162 4
4 162 5
4 162 6
4 162 7
4 162 8
4 162 9
4 162 10
4 162 11
4 162 12
4 162 13
4 162 14
4 162 15
4 162 16
4 162 17
4 162 18
4 162 19
1 163 1
1 163 2
1 163 3
1 163 4
1 163 5
1 163 6
1 163 7
1 163 8
1 163 9
1 163 10
1 163 11
1 163 12
1 163 13
1 163 14
1 163 15
1 163 16
1 163 17
1 163 18
1 163 19
2 163 1
2 163 2
2 163 3
2 163 4
2 163 5
2 163 6
2 163 7
2 163 8
2 163 9
2 163 10
2 163 11
2 163 12
2 163 13
2 163 14
2 163 15
2 163 16
2 163 17
2 163 18
2 163 19
3 163 1
3 163 2
3 163 3
3 163 4
3 163 5
3 163 6
3 163 7
3 163 8
3 163 9
3 163 10
3 163 11
3 163 12
3 163 13
3 163 14
3 163 15
3 163 16
3 163 17
3 163 18
3 163 19
4 163 1
4 163 2
4 163 3
4 163 4
4 163 5
4 163 6
4 163 7
4 163 8
4 163 9
4 163 10
4 163 11
4 163 12
4 163 13
4 163 14
4 163 15
4 163 16
4 163 17
4 163 18
4 163 19
1 164 1
1 164 2
1 164 3
1 164 4
1 164 5
1 164 6
1 164 7
1 164 8
1 164 9
1 164 10
1 164 11
1 164 12
1 164 13
1 164 14
1 164 15
1 164 16
1 164 17
1 164 18
1 164 19
2 164 1
2 164 2
2 164 3
2 164 4
2 164 5
2 164 6
2 164 7
2 164 8
2 164 9
2 164 10
2 164 11
2 164 12
2 164 13
2 164 14
2 164 15
2 164 16
2 164 17
2 164 18
2 164 19
3 164 1
3 164 2
3 164 3
3 164 4
3 164 5
3 164 6
3 164 7
3 164 8
3 164 9
3 164 10
3 164 11
3 164 12
3 164 13
3 164 14
3 164 15
3 164 16
3 164 17
3 164 18
3 164 19
4 164 1
4 164 2
4 164 3
4 164 4
4 164 5
4 164 6
4 164 7
4 164 8
4 164 9
4 164 10
4 164 11
4 164 12
4 164 13
4 164 14
4 164 15
4 164 16
4 164 17
4 164 18
4 164 19
1 165 1
1 165 2
1 165 3
1 165 4
1 165 5
1 165 6
1 165 7
1 165 8
1 165 9
1 165 10
1 165 11
1 165 12
1 165 13
1 165 14
1 165 15
1 165 16
1 165 17
1 165 18
1 165 19
2 165 1
2 165 2
2 165 3
2 165 4
2 165 5
2 165 6
2 165 7
2 165 8
2 165 9
2 165 10
2 165 11
2 165 12
2 165 13
2 165 14
2 165 15
2 165 16
2 165 17
2 165 18
2 165 19
3 165 1
3 165 2
3 165 3
3 165 4
3 165 5
3 165 6
3 165 7
3 165 8
3 165 9
3 165 10
3 165 11
3 165 12
3 165 13
3 165 14
3 165 15
3 165 16
3 165 17
3 165 18
3 165 19
4 165 1
4 165 2
4 165 3
4 165 4
4 165 5
4 165 6
4 165 7
4 165 8
4 165 9
4 165 10
4 165 11
4 165 12
4 165 13
4 165 14
4 165 15
4 165 16
4 165 17
4 165 18
4 165 19
1 166 1
1 166 2
1 166 3
1 166 4
1 166 5
1 166 6
1 166 7
1 166 8
1 166 9
1 166 10
1 166 11
1 166 12
1 166 13
1 166 14
1 166 15
1 166 16
1 166 17
1 166 18
1 166 19
2 166 1
2 166 2
2 166 3
2 166 4
2 166 5
2 166 6
2 166 7
2 166 8
2 166 9
2 166 10
2 166 11
2 166 12
2 166 13
2 166 14
2 166 15
2 166 16
2 166 17
2 166 18
2 166 19
3 166 1
3 166 2
3 166 3
3 166 4
3 166 5
3 166 6
3 166 7
3 166 8
3 166 9
3 166 10
3 166 11
3 166 12
3 166 13
3 166 14
3 166 15
3 166 16
3 166 17
3 166 18
3 166 19
4 166 1
4 166 2
4 166 3
4 166 4
4 166 5
4 166 6
4 166 7
4 166 8
4 166 9
4 166 10
4 166 11
4 166 12
4 166 13
4 166 14
4 166 15
4 166 16
4 166 17
4 166 18
4 166 19
1 167 1
1 167 2
1 167 3
1 167 4
1 167 5
1 167 6
1 167 7
1 167 8
1 167 9
1 167 10
1 167 11
1 167 12
1 167 13
1 167 14
1 167 15
1 167 16
1 167 17
1 167 18
1 167 19
2 167 1
2 167 2
2 167 3
2 167 4
2 167 5
2 167 6
2 167 7
2 167 8
2 167 9
2 167 10
2 167 11
2 167 12
2 167 13
2 167 14
2 167 15
2 167 16
2 167 17
2 167 18
2 167 19
3 167 1
3 167 2
3 167 3
3 167 4
3 167 5
3 167 6
3 167 7
3 167 8
3 167 9
3 167 10
3 167 11
3 167 12
3 167 13
3 167 14
3 167 15
3 167 16
3 167 17
3 167 18
3 167 19
4 167 1
4 167 2
4 167 3
4 167 4
4 167 5
4 167 6
4 167 7
4 167 8
4 167 9
4 167 10
4 167 11
4 167 12
4 167 13
4 167 14
4 167 15
4 167 16
4 167 17
4 167 18
4 167 19
1 168 1
1 168 2
1 168 3
1 168 4
1 168 5
1 168 6
1 168 7
1 168 8
1 168 9
1 168 10
1 168 11
1 168 12
1 168 13
1 168 14
1 168 15
1 168 16
1 168 17
1 168 18
1 168 19
2 168 1
2 168 2
2 168 3
2 168 4
2 168 5
2 168 6
2 168 7
2 168 8
2 168 9
2 168 10
2 168 11
2 168 12
2 168 13
2 168 14
2 168 15
2 168 16
2 168 17
2 168 18
2 168 19
3 168 1
3 168 2
3 168 3
3 168 4
3 168 5
3 168 6
3 168 7
3 168 8
3 168 9
3 168 10
3 168 11
3 168 12
3 168 13
3 168 14
3 168 15
3 168 16
3 168 17
3 168 18
3 168 19
4 168 1
4 168 2
4 168 3
4 168 4
4 168 5
4 168 6
4 168 7
4 168 8
4 168 9
4 168 10
4 168 11
4 168 12
4 168 13
4 168 14
4 168 15
4 168 16
4 168 17
4 168 18
4 168 19
1 169 1
1 169 2
1 169 3
1 169 4
1 169 5
1 169 6
1 169 7
1 169 8
1 169 9
1 169 10
1 169 11
1 169 12
1 169 13
1 169 14
1 169 15
1 169 16
1 169 17
1 169 18
1 169 19
2 169 1
2 169 2
2 169 3
2 169 4
2 169 5
2 169 6
2 169 7
2 169 8
2 169 9
2 169 10
2 169 11
2 169 12
2 169 13
2 169 14
2 169 15
2 169 16
2 169 17
2 169 18
2 169 19
3 169 1
3 169 2
3 169 3
3 169 4
3 169 5
3 169 6
3 169 7
3 169 8
3 169 9
3 169 10
3 169 11
3 169 12
3 169 13
3 169 14
3 169 15
3 169 16
3 169 17
3 169 18
3 169 19
4 169 1
4 169 2
4 169 3
4 169 4
4 169 5
4 169 6
4 169 7
4 169 8
4 169 9
4 169 10
4 169 11
4 169 12
4 169 13
4 169 14
4 169 15
4 169 16
4 169 17
4 169 18
4 169 19
1 170 1
1 170 2
1 170 3
1 170 4
1 170 5
1 170 6
1 170 7
1 170 8
1 170 9
1 170 10
1 170 11
1 170 12
1 170 13
1 170 14
1 170 15
1 170 16
1 170 17
1 170 18
1 170 19
2 170 1
2 170 2
2 170 3
2 170 4
2 170 5
2 170 6
2 170 7
2 170 8
2 170 9
2 170 10
2 170 11
2 170 12
2 170 13
2 170 14
2 170 15
2 170 16
2 170 17
2 170 18
2 170 19
3 170 1
3 170 2
3 170 3
3 170 4
3 170 5
3 170 6
3 170 7
3 170 8
3 170 9
3 170 10
3 170 11
3 170 12
3 170 13
3 170 14
3 170 15
3 170 16
3 170 17
3 170 18
3 170 19
4 170 1
4 170 2
4 170 3
4 170 4
4 170 5
4 170 6
4 170 7
4 170 8
4 170 9
4 170 10
4 170 11
4 170 12
4 170 13
4 170 14
4 170 15
4 170 16
4 170 17
4 170 18
4 170 19
1 171 1
1 171 2
1 171 3
1 171 4
1 171 5
1 171 6
1 171 7
1 171 8
1 171 9
1 171 10
1 171 11
1 171 12
1 171 13
1 171 14
1 171 15
1 171 16
1 171 17
1 171 18
1 171 19
2 171 1
2 171 2
2 171 3
2 171 4
2 171 5
2 171 6
2 171 7
2 171 8
2 171 9
2 171 10
2 171 11
2 171 12
2 171 13
2 171 14
2 171 15
2 171 16
2 171 17
2 171 18
2 171 19
3 171 1
3 171 2
3 171 3
3 171 4
3 171 5
3 171 6
3 171 7
3 171 8
3 171 9
3 171 10
3 171 11
3 171 12
3 171 13
3 171 14
3 171 15
3 171 16
3 171 17
3 171 18
3 171 19
4 171 1
4 171 2
4 171 3
4 171 4
4 171 5
4 171 6
4 171 7
4 171 8
4 171 9
4 171 10
4 171 11
4 171 12
4 171 13
4 171 14
4 171 15
4 171 16
4 171 17
4 171 18
4 171 19
1 172 1
1 172 2
1 172 3
1 172 4
1 172 5
1 172 6
1 172 7
1 172 8
1 172 9
1 172 10
1 172 11
1 172 12
1 172 13
1 172 14
1 172 15
1 172 16
1 172 17
1 172 18
1 172 19
2 172 1
2 172 2
2 172 3
2 172 4
2 172 5
2 172 6
2 172 7
2 172 8
2 172 9
2 172 10
2 172 11
2 172 12
2 172 13
2 172 14
2 172 15
2 172 16
2 172 17
2 172 18
2 172 19
3 172 1
3 172 2
3 172 3
3 172 4
3 172 5
3 172 6
3 172 7
3 172 8
3 172 9
3 172 10
3 172 11
3 172 12
3 172 13
3 172 14
3 172 15
3 172 16
3 172 17
3 172 18
3 172 19
4 172 1
4 172 2
4 172 3
4 172 4
4 172 5
4 172 6
4 172 7
4 172 8
4 172 9
4 172 10
4 172 11
4 172 12
4 172 13
4 172 14
4 172 15
4 172 16
4 172 17
4 172 18
4 172 19
1 173 1
1 173 2
1 173 3
1 173 4
1 173 5
1 173 6
1 173 7
1 173 8
1 173 9
1 173 10
1 173 11
1 173 12
1 173 13
1 173 14
1 173 15
1 173 16
1 173 17
1 173 18
1 173 19
2 173 1
2 173 2
2 173 3
2 173 4
2 173 5
2 173 6
2 173 7
2 173 8
2 173 9
2 173 10
2 173 11
2 173 12
2 173 13
2 173 14
2 173 15
2 173 16
2 173 17
2 173 18
2 173 19
3 173 1
3 173 2
3 173 3
3 173 4
3 173 5
3 173 6
3 173 7
3 173 8
3 173 9
3 173 10
3 173 11
3 173 12
3 173 13
3 173 14
3 173 15
3 173 16
3 173 17
3 173 18
3 173 19
4 173 1
4 173 2
4 173 3
4 173 4
4 173 5
4 173 6
4 173 7
4 173 8
4 173 9
4 173 10
4 173 11
4 173 12
4 173 13
4 173 14
4 173 15
4 173 16
4 173 17
4 173 18
4 173 19
1 174 1
1 174 2
1 174 3
1 174 4
1 174 5
1 174 6
1 174 7
1 174 8
1 174 9
1 174 10
1 174 11
1 174 12
1 174 13
1 174 14
1 174 15
1 174 16
1 174 17
1 174 18
1 174 19
2 174 1
2 174 2
2 174 3
2 174 4
2 174 5
2 174 6
2 174 7
2 174 8
2 174 9
2 174 10
2 174 11
2 174 12
2 174 13
2 174 14
2 174 15
2 174 16
2 174 17
2 174 18
2 174 19
3 174 1
3 174 2
3 174 3
3 174 4
3 174 5
3 174 6
3 174 7
3 174 8
3 174 9
3 174 10
3 174 11
3 174 12
3 174 13
3 174 14
3 174 15
3 174 16
3 174 17
3 174 18
3 174 19
4 174 1
4 174 2
4 174 3
4 174 4
4 174 5
4 174 6
4 174 7
4 174 8
4 174 9
4 174 10
4 174 11
4 174 12
4 174 13
4 174 14
4 174 15
4 174 16
4 174 17
4 174 18
4 174 19
1 175 1
1 175 2
1 175 3
1 175 4
1 175 5
1 175 6
1 175 7
1 175 8
1 175 9
1 175 10
1 175 11
1 175 12
1 175 13
1 175 14
1 175 15
1 175 16
1 175 17
1 175 18
1 175 19
2 175 1
2 175 2
2 175 3
2 175 4
2 175 5
2 175 6
2 175 7
2 175 8
2 175 9
2 175 10
2 175 11
2 175 12
2 175 13
2 175 14
2 175 15
2 175 16
2 175 17
2 175 18
2 175 19
3 175 1
3 175 2
3 175 3
3 175 4
3 175 5
3 175 6
3 175 7
3 175 8
3 175 9
3 175 10
3 175 11
3 175 12
3 175 13
3 175 14
3 175 15
3 175 16
3 175 17
3 175 18
3 175 19
4 175 1
4 175 2
4 175 3
4 175 4
4 175 5
4 175 6
4 175 7
4 175 8
4 175 9
4 175 10
4 175 11
4 175 12
4 175 13
4 175 14
4 175 15
4 175 16
4 175 17
4 175 18
4 175 19
1 176 1
1 176 2
1 176 3
1 176 4
1 176 5
1 176 6
1 176 7
1 176 8
1 176 9
1 176 10
1 176 11
1 176 12
1 176 13
1 176 14
1 176 15
1 176 16
1 176 17
1 176 18
1 176 19
2 176 1
2 176 2
2 176 3
2 176 4
2 176 5
2 176 6
2 176 7
2 176 8
2 176 9
2 176 10
2 176 11
2 176 12
2 176 13
2 176 14
2 176 15
2 176 16
2 176 17
2 176 18
2 176 19
3 176 1
3 176 2
3 176 3
3 176 4
3 176 5
3 176 6
3 176 7
3 176 8
3 176 9
3 176 10
3 176 11
3 176 12
3 176 13
3 176 14
3 176 15
3 176 16
3 176 17
3 176 18
3 176 19
4 176 1
4 176 2
4 176 3
4 176 4
4 176 5
4 176 6
4 176 7
4 176 8
4 176 9
4 176 10
4 176 11
4 176 12
4 176 13
4 176 14
4 176 15
4 176 16
4 176 17
4 176 18
4 176 19
1 177 1
1 177 2
1 177 3
1 177 4
1 177 5
1 177 6
1 177 7
1 177 8
1 177 9
1 177 10
1 177 11
1 177 12
1 177 13
1 177 14
1 177 15
1 177 16
1 177 17
1 177 18
1 177 19
2 177 1
2 177 2
2 177 3
2 177 4
2 177 5
2 177 6
2 177 7
2 177 8
2 177 9
2 177 10
2 177 11
2 177 12
2 177 13
2 177 14
2 177 15
2 177 16
2 177 17
2 177 18
2 177 19
3 177 1
3 177 2
3 177 3
3 177 4
3 177 5
3 177 6
3 177 7
3 177 8
3 177 9
3 177 10
3 177 11
3 177 12
3 177 13
3 177 14
3 177 15
3 177 16
3 177 17
3 177 18
3 177 19
4 177 1
4 177 2
4 177 3
4 177 4
4 177 5
4 177 6
4 177 7
4 177 8
4 177 9
4 177 10
4 177 11
4 177 12
4 177 13
4 177 14
4 177 15
4 177 16
4 177 17
4 177 18
4 177 19
1 178 1
1 178 2
1 178 3
1 178 4
1 178 5
1 178 6
1 178 7
1 178 8
1 178 9
1 178 10
1 178 11
1 178 12
1 178 13
1 178 14
1 178 15
1 178 16
1 178 17
1 178 18
1 178 19
2 178 1
2 178 2
2 178 3
2 178 4
2 178 5
2 178 6
2 178 7
2 178 8
2 178 9
2 178 10
2 178 11
2 178 12
2 178 13
2 178 14
2 178 15
2 178 16
2 178 17
2 178 18
2 178 19
3 178 1
3 178 2
3 178 3
3 178 4
3 178 5
3 178 6
3 178 7
3 178 8
3 178 9
3 178 10
3 178 11
3 178 12
3 178 13
3 178 14
3 178 15
3 178 16
3 178 17
3 178 18
3 178 19
4 178 1
4 178 2
4 178 3
4 178 4
4 178 5
4 178 6
4 178 7
4 178 8
4 178 9
4 178 10
4 178 11
4 178 12
4 178 13
4 178 14
4 178 15
4 178 16
4 178 17
4 178 18
4 178 19
1 179 1
1 179 2
1 179 3
1 179 4
1 179 5
1 179 6
1 179 7
1 179 8
1 179 9
1 179 10
1 179 11
1 179 12
1 179 13
1 179 14
1 179 15
1 179 16
1 179 17
1 179 18
1 179 19
2 179 1
2 179 2
2 179 3
2 179 4
2 179 5
2 179 6
2 179 7
2 179 8
2 179 9
2 179 10
2 179 11
2 179 12
2 179 13
2 179 14
2 179 15
2 179 16
2 179 17
2 179 18
2 179 19
3 179 1
3 179 2
3 179 3
3 179 4
3 179 5
3 179 6
3 179 7
3 179 8
3 179 9
3 179 10
3 179 11
3 179 12
3 179 13
3 179 14
3 179 15
3 179 16
3 179 17
3 179 18
3 179 19
4 179 1
4 179 2
4 179 3
4 179 4
4 179 5
4 179 6
4 179 7
4 179 8
4 179 9
4 179 10
4 179 11
4 179 12
4 179 13
4 179 14
4 179 15
4 179 16
4 179 17
4 179 18
4 179 19
1 180 1
1 180 2
1 180 3
1 180 4
1 180 5
1 180 6
1 180 7
1 180 8
1 180 9
1 180 10
1 180 11
1 180 12
1 180 13
1 180 14
1 180 15
1 180 16
1 180 17
1 180 18
1 180 19
2 180 1
2 180 2
2 180 3
2 180 4
2 180 5
2 180 6
2 180 7
2 180 8
2 180 9
2 180 10
2 180 11
2 180 12
2 180 13
2 180 14
2 180 15
2 180 16
2 180 17
2 180 18
2 180 19
3 180 1
3 180 2
3 180 3
3 180 4
3 180 5
3 180 6
3 180 7
3 180 8
3 180 9
3 180 10
3 180 11
3 180 12
3 180 13
3 180 14
3 180 15
3 180 16
3 180 17
3 180 18
3 180 19
4 180 1
4 180 2
4 180 3
4 180 4
4 180 5
4 180 6
4 180 7
4 180 8
4 180 9
4 180 10
4 180 11
4 180 12
4 180 13
4 180 14
4 180 15
4 180 16
4 180 17
4 180 18
4 180 19
1 181 1
1 181 2
1 181 3
1 181 4
1 181 5
1 181 6
1 181 7
1 181 8
1 181 9
1 181 10
1 181 11
1 181 12
1 181 13
1 181 14
1 181 15
1 181 16
1 181 17
1 181 18
1 181 19
2 181 1
2 181 2
2 181 3
2 181 4
2 181 5
2 181 6
2 181 7
2 181 8
2 181 9
2 181 10
2 181 11
2 181 12
2 181 13
2 181 14
2 181 15
2 181 16
2 181 17
2 181 18
2 181 19
3 181 1
3 181 2
3 181 3
3 181 4
3 181 5
3 181 6
3 181 7
3 181 8
3 181 9
3 181 10
3 181 11
3 181 12
3 181 13
3 181 14
3 181 15
3 181 16
3 181 17
3 181 18
3 181 19
4 181 1
4 181 2
4 181 3
4 181 4
4 181 5
4 181 6
4 181 7
4 181 8
4 181 9
4 181 10
4 181 11
4 181 12
4 181 13
4 181 14
4 181 15
4 181 16
4 181 17
4 181 18
4 181 19
1 182 1
1 182 2
1 182 3
1 182 4
1 182 5
1 182 6
1 182 7
1 182 8
1 182 9
1 182 10
1 182 11
1 182 12
1 182 13
1 182 14
1 182 15
1 182 16
1 182 17
1 182 18
1 182 19
2 182 1
2 182 2
2 182 3
2 182 4
2 182 5
2 182 6
2 182 7
2 182 8
2 182 9
2 182 10
2 182 11
2 182 12
2 182 13
2 182 14
2 182 15
2 182 16
2 182 17
2 182 18
2 182 19
3 182 1
3 182 2
3 182 3
3 182 4
3 182 5
3 182 6
3 182 7
3 182 8
3 182 9
3 182 10
3 182 11
3 182 12
3 182 13
3 182 14
3 182 15
3 182 16
3 182 17
3 182 18
3 182 19
4 182 1
4 182 2
4 182 3
4 182 4
4 182 5
4 182 6
4 182 7
4 182 8
4 182 9
4 182 10
4 182 11
4 182 12
4 182 13
4 182 14
4 182 15
4 182 16
4 182 17
4 182 18
4 182 19
1 183 1
1 183 2
1 183 3
1 183 4
1 183 5
1 183 6
1 183 7
1 183 8
1 183 9
1 183 10
1 183 11
1 183 12
1 183 13
1 183 14
1 183 15
1 183 16
1 183 17
1 183 18
1 183 19
2 183 1
2 183 2
2 183 3
2 183 4
2 183 5
2 183 6
2 183 7
2 183 8
2 183 9
2 183 10
2 183 11
2 183 12
2 183 13
2 183 14
2 183 15
2 183 16
2 183 17
2 183 18
2 183 19
3 183 1
3 183 2
3 183 3
3 183 4
3 183 5
3 183 6
3 183 7
3 183 8
3 183 9
3 183 10
3 183 11
3 183 12
3 183 13
3 183 14
3 183 15
3 183 16
3 183 17
3 183 18
3 183 19
4 183 1
4 183 2
4 183 3
4 183 4
4 183 5
4 183 6
4 183 7
4 183 8
4 183 9
4 183 10
4 183 11
4 183 12
4 183 13
4 183 14
4 183 15
4 183 16
4 183 17
4 183 18
4 183 19
1 184 1
1 184 2
1 184 3
1 184 4
1 184 5
1 184 6
1 184 7
1 184 8
1 184 9
1 184 10
1 184 11
1 184 12
1 184 13
1 184 14
1 184 15
1 184 16
1 184 17
1 184 18
1 184 19
2 184 1
2 184 2
2 184 3
2 184 4
2 184 5
2 184 6
2 184 7
2 184 8
2 184 9
2 184 10
2 184 11
2 184 12
2 184 13
2 184 14
2 184 15
2 184 16
2 184 17
2 184 18
2 184 19
3 184 1
3 184 2
3 184 3
3 184 4
3 184 5
3 184 6
3 184 7
3 184 8
3 184 9
3 184 10
3 184 11
3 184 12
3 184 13
3 184 14
3 184 15
3 184 16
3 184 17
3 184 18
3 184 19
4 184 1
4 184 2
4 184 3
4 184 4
4 184 5
4 184 6
4 184 7
4 184 8
4 184 9
4 184 10
4 184 11
4 184 12
4 184 13
4 184 14
4 184 15
4 184 16
4 184 17
4 184 18
4 184 19
1 185 1
1 185 2
1 185 3
1 185 4
1 185 5
1 185 6
1 185 7
1 185 8
1 185 9
1 185 10
1 185 11
1 185 12
1 185 13
1 185 14
1 185 15
1 185 16
1 185 17
1 185 18
1 185 19
2 185 1
2 185 2
2 185 3
2 185 4
2 185 5
2 185 6
2 185 7
2 185 8
2 185 9
2 185 10
2 185 11
2 185 12
2 185 13
2 185 14
2 185 15
2 185 16
2 185 17
2 185 18
2 185 19
3 185 1
3 185 2
3 185 3
3 185 4
3 185 5
3 185 6
3 185 7
3 185 8
3 185 9
3 185 10
3 185 11
3 185 12
3 185 13
3 185 14
3 185 15
3 185 16
3 185 17
3 185 18
3 185 19
4 185 1
4 185 2
4 185 3
4 185 4
4 185 5
4 185 6
4 185 7
4 185 8
4 185 9
4 185 10
4 185 11
4 185 12
4 185 13
4 185 14
4 185 15
4 185 16
4 185 17
4 185 18
4 185 19
1 186 1
1 186 2
1 186 3
1 186 4
1 186 5
1 186 6
1 186 7
1 186 8
1 186 9
1 186 10
1 186 11
1 186 12
1 186 13
1 186 14
1 186 15
1 186 16
1 186 17
1 186 18
1 186 19
2 186 1
2 186 2
2 186 3
2 186 4
2 186 5
2 186 6
2 186 7
2 186 8
2 186 9
2 186 10
2 186 11
2 186 12
2 186 13
2 186 14
2 186 15
2 186 16
2 186 17
2 186 18
2 186 19
3 186 1
3 186 2
3 186 3
3 186 4
3 186 5
3 186 6
3 186 7
3 186 8
3 186 9
3 186 10
3 186 11
3 186 12
3 186 13
3 186 14
3 186 15
3 186 16
3 186 17
3 186 18
3 186 19
4 186 1
4 186 2
4 186 3
4 186 4
4 186 5
4 186 6
4 186 7
4 186 8
4 186 9
4 186 10
4 186 11
4 186 12
4 186 13
4 186 14
4 186 15
4 186 16
4 186 17
4 186 18
4 186 19
1 187 1
1 187 2
1 187 3
1 187 4
1 187 5
1 187 6
1 187 7
1 187 8
1 187 9
1 187 10
1 187 11
1 187 12
1 187 13
1 187 14
1 187 15
1 187 16
1 187 17
1 187 18
1 187 19
2 187 1
2 187 2
2 187 3
2 187 4
2 187 5
2 187 6
2 187 7
2 187 8
2 187 9
2 187 10
2 187 11
2 187 12
2 187 13
2 187 14
2 187 15
2 187 16
2 187 17
2 187 18
2 187 19
3 187 1
3 187 2
3 187 3
3 187 4
3 187 5
3 187 6
3 187 7
3 187 8
3 187 9
3 187 10
3 187 11
3 187 12
3 187 13
3 187 14
3 187 15
3 187 16
3 187 17
3 187 18
3 187 19
4 187 1
4 187 2
4 187 3
4 187 4
4 187 5
4 187 6
4 187 7
4 187 8
4 187 9
4 187 10
4 187 11
4 187 12
4 187 13
4 187 14
4 187 15
4 187 16
4 187 17
4 187 18
4 187 19
1 188 1
1 188 2
1 188 3
1 188 4
1 188 5
1 188 6
1 188 7
1 188 8
1 188 9
1 188 10
1 188 11
1 188 12
1 188 13
1 188 14
1 188 15
1 188 16
1 188 17
1 188 18
1 188 19
2 188 1
2 188 2
2 188 3
2 188 4
2 188 5
2 188 6
2 188 7
2 188 8
2 188 9
2 188 10
2 188 11
2 188 12
2 188 13
2 188 14
2 188 15
2 188 16
2 188 17
2 188 18
2 188 19
3 188 1
3 188 2
3 188 3
3 188 4
3 188 5
3 188 6
3 188 7
3 188 8
3 188 9
3 188 10
3 188 11
3 188 12
3 188 13
3 188 14
3 188 15
3 188 16
3 188 17
3 188 18
3 188 19
4 188 1
4 188 2
4 188 3
4 188 4
4 188 5
4 188 6
4 188 7
4 188 8
4 188 9
4 188 10
4 188 11
4 188 12
4 188 13
4 188 14
4 188 15
4 188 16
4 188 17
4 188 18
4 188 19
1 189 1
1 189 2
1 189 3
1 189 4
1 189 5
1 189 6
1 189 7
1 189 8
1 189 9
1 189 10
1 189 11
1 189 12
1 189 13
1 189 14
1 189 15
1 189 16
1 189 17
1 189 18
1 189 19
2 189 1
2 189 2
2 189 3
2 189 4
2 189 5
2 189 6
2 189 7
2 189 8
2 189 9
2 189 10
2 189 11
2 189 12
2 189 13
2 189 14
2 189 15
2 189 16
2 189 17
2 189 18
2 189 19
3 189 1
3 189 2
3 189 3
3 189 4
3 189 5
3 189 6
3 189 7
3 189 8
3 189 9
3 189 10
3 189 11
3 189 12
3 189 13
3 189 14
3 189 15
3 189 16
3 189 17
3 189 18
3 189 19
4 189 1
4 189 2
4 189 3
4 189 4
4 189 5
4 189 6
4 189 7
4 189 8
4 189 9
4 189 10
4 189 11
4 189 12
4 189 13
4 189 14
4 189 15
4 189 16
4 189 17
4 189 18
4 189 19
1 190 1
1 190 2
1 190 3
1 190 4
1 190 5
1 190 6
1 190 7
1 190 8
1 190 9
1 190 10
1 190 11
1 190 12
1 190 13
1 190 14
1 190 15
1 190 16
1 190 17
1 190 18
1 190 19
2 190 1
2 190 2
2 190 3
2 190 4
2 190 5
2 190 6
2 190 7
2 190 8
2 190 9
2 190 10
2 190 11
2 190 12
2 190 13
2 190 14
2 190 15
2 190 16
2 190 17
2 190 18
2 190 19
3 190 1
3 190 2
3 190 3
3 190 4
3 190 5
3 190 6
3 190 7
3 190 8
3 190 9
3 190 10
3 190 11
3 190 12
3 190 13
3 190 14
3 190 15
3 190 16
3 190 17
3 190 18
3 190 19
4 190 1
4 190 2
4 190 3
4 190 4
4 190 5
4 190 6
4 190 7
4 190 8
4 190 9
4 190 10
4 190 11
4 190 12
4 190 13
4 190 14
4 190 15
4 190 16
4 190 17
4 190 18
4 190 19
1 191 1
1 191 2
1 191 3
1 191 4
1 191 5
1 191 6
1 191 7
1 191 8
1 191 9
1 191 10
1 191 11
1 191 12
1 191 13
1 191 14
1 191 15
1 191 16
1 191 17
1 191 18
1 191 19
2 191 1
2 191 2
2 191 3
2 191 4
2 191 5
2 191 6
2 191 7
2 191 8
2 191 9
2 191 10
2 191 11
2 191 12
2 191 13
2 191 14
2 191 15
2 191 16
2 191 17
2 191 18
2 191 19
3 191 1
3 191 2
3 191 3
3 191 4
3 191 5
3 191 6
3 191 7
3 191 8
3 191 9
3 191 10
3 191 11
3 191 12
3 191 13
3 191 14
3 191 15
3 191 16
3 191 17
3 191 18
3 191 19
4 191 1
4 191 2
4 191 3
4 191 4
4 191 5
4 191 6
4 191 7
4 191 8
4 191 9
4 191 10
4 191 11
4 191 12
4 191 13
4 191 14
4 191 15
4 191 16
4 191 17
4 191 18
4 191 19
1 192 1
1 192 2
1 192 3
1 192 4
1 192 5
1 192 6
1 192 7
1 192 8
1 192 9
1 192 10
1 192 11
1 192 12
1 192 13
1 192 14
1 192 15
1 192 16
1 192 17
1 192 18
1 192 19
2 192 1
2 192 2
2 192 3
2 192 4
2 192 5
2 192 6
2 192 7
2 192 8
2 192 9
2 192 10
2 192 11
2 192 12
2 192 13
2 192 14
2 192 15
2 192 16
2 192 17
2 192 18
2 192 19
3 192 1
3 192 2
3 192 3
3 192 4
3 192 5
3 192 6
3 192 7
3 192 8
3 192 9
3 192 10
3 192 11
3 192 12
3 192 13
3 192 14
3 192 15
3 192 16
3 192 17
3 192 18
3 192 19
4 192 1
4 192 2
4 192 3
4 192 4
4 192 5
4 192 6
4 192 7
4 192 8
4 192 9
4 192 10
4 192 11
4 192 12
4 192 13
4 192 14
4 192 15
4 192 16
4 192 17
4 192 18
4 192 19
1 193 1
1 193 2
1 193 3
1 193 4
1 193 5
1 193 6
1 193 7
1 193 8
1 193 9
1 193 10
1 193 11
1 193 12
1 193 13
1 193 14
1 193 15
1 193 16
1 193 17
1 193 18
1 193 19
2 193 1
2 193 2
2 193 3
2 193 4
2 193 5
2 193 6
2 193 7
2 193 8
2 193 9
2 193 10
2 193 11
2 193 12
2 193 13
2 193 14
2 193 15
2 193 16
2 193 17
2 193 18
2 193 19
3 193 1
3 193 2
3 193 3
3 193 4
3 193 5
3 193 6
3 193 7
3 193 8
3 193 9
3 193 10
3 193 11
3 193 12
3 193 13
3 193 14
3 193 15
3 193 16
3 193 17
3 193 18
3 193 19
4 193 1
4 193 2
4 193 3
4 193 4
4 193 5
4 193 6
4 193 7
4 193 8
4 193 9
4 193 10
4 193 11
4 193 12
4 193 13
4 193 14
4 193 15
4 193 16
4 193 17
4 193 18
4 193 19
1 194 1
1 194 2
1 194 3
1 194 4
1 194 5
1 194 6
1 194 7
1 194 8
1 194 9
1 194 10
1 194 11
1 194 12
1 194 13
1 194 14
1 194 15
1 194 16
1 194 17
1 194 18
1 194 19
2 194 1
2 194 2
2 194 3
2 194 4
2 194 5
2 194 6
2 194 7
2 194 8
2 194 9
2 194 10
2 194 11
2 194 12
2 194 13
2 194 14
2 194 15
2 194 16
2 194 17
2 194 18
2 194 19
3 194 1
3 194 2
3 194 3
3 194 4
3 194 5
3 194 6
3 194 7
3 194 8
3 194 9
3 194 10
3 194 11
3 194 12
3 194 13
3 194 14
3 194 15
3 194 16
3 194 17
3 194 18
3 194 19
4 194 1
4 194 2
4 194 3
4 194 4
4 194 5
4 194 6
4 194 7
4 194 8
4 194 9
4 194 10
4 194 11
4 194 12
4 194 13
4 194 14
4 194 15
4 194 16
4 194 17
4 194 18
4 194 19
1 195 1
1 195 2
1 195 3
1 195 4
1 195 5
1 195 6
1 195 7
1 195 8
1 195 9
1 195 10
1 195 11
1 195 12
1 195 13
1 195 14
1 195 15
1 195 16
1 195 17
1 195 18
1 195 19
2 195 1
2 195 2
2 195 3
2 195 4
2 195 5
2 195 6
2 195 7
2 195 8
2 195 9
2 195 10
2 195 11
2 195 12
2 195 13
2 195 14
2 195 15
2 195 16
2 195 17
2 195 18
2 195 19
3 195 1
3 195 2
3 195 3
3 195 4
3 195 5
3 195 6
3 195 7
3 195 8
3 195 9
3 195 10
3 195 11
3 195 12
3 195 13
3 195 14
3 195 15
3 195 16
3 195 17
3 195 18
3 195 19
4 195 1
4 195 2
4 195 3
4 195 4
4 195 5
4 195 6
4 195 7
4 195 8
4 195 9
4 195 10
4 195 11
4 195 12
4 195 13
4 195 14
4 195 15
4 195 16
4 195 17
4 195 18
4 195 19
1 196 1
1 196 2
1 196 3
1 196 4
1 196 5
1 196 6
1 196 7
1 196 8
1 196 9
1 196 10
1 196 11
1 196 12
1 196 13
1 196 14
1 196 15
1 196 16
1 196 17
1 196 18
1 196 19
2 196 1
2 196 2
2 196 3
2 196 4
2 196 5
2 196 6
2 196 7
2 196 8
2 196 9
2 196 10
2 196 11
2 196 12
2 196 13
2 196 14
2 196 15
2 196 16
2 196 17
2 196 18
2 196 19
3 196 1
3 196 2
3 196 3
3 196 4
3 196 5
3 196 6
3 196 7
3 196 8
3 196 9
3 196 10
3 196 11
3 196 12
3 196 13
3 196 14
3 196 15
3 196 16
3 196 17
3 196 18
3 196 19
4 196 1
4 196 2
4 196 3
4 196 4
4 196 5
4 196 6
4 196 7
4 196 8
4 196 9
4 196 10
4 196 11
4 196 12
4 196 13
4 196 14
4 196 15
4 196 16
4 196 17
4 196 18
4 196 19
1 197 1
1 197 2
1 197 3
1 197 4
1 197 5
1 197 6
1 197 7
1 197 8
1 197 9
1 197 10
1 197 11
1 197 12
1 197 13
1 197 14
1 197 15
1 197 16
1 197 17
1 197 18
1 197 19
2 197 1
2 197 2
2 197 3
2 197 4
2 197 5
2 197 6
2 197 7
2 197 8
2 197 9
2 197 10
2 197 11
2 197 12
2 197 13
2 197 14
2 197 15
2 197 16
2 197 17
2 197 18
2 197 19
3 197 1
3 197 2
3 197 3
3 197 4
3 197 5
3 197 6
3 197 7
3 197 8
3 197 9
3 197 10
3 197 11
3 197 12
3 197 13
3 197 14
3 197 15
3 197 16
3 197 17
3 197 18
3 197 19
4 197 1
4 197 2
4 197 3
4 197 4
4 197 5
4 197 6
4 197 7
4 197 8
4 197 9
4 197 10
4 197 11
4 197 12
4 197 13
4 197 14
4 197 15
4 197 16
4 197 17
4 197 18
4 197 19
1 198 1
1 198 2
1 198 3
1 198 4
1 198 5
1 198 6
1 198 7
1 198 8
1 198 9
1 198 10
1 198 11
1 198 12
1 198 13
1 198 14
1 198 15
1 198 16
1 198 17
1 198 18
1 198 19
2 198 1
2 198 2
2 198 3
2 198 4
2 198 5
2 198 6
2 198 7
2 198 8
2 198 9
2 198 10
2 198 11
2 198 12
2 198 13
2 198 14
2 198 15
2 198 16
2 198 17
2 198 18
2 198 19
3 198 1
3 198 2
3 198 3
3 198 4
3 198 5
3 198 6
3 198 7
3 198 8
3 198 9
3 198 10
3 198 11
3 198 12
3 198 13
3 198 14
3 198 15
3 198 16
3 198 17
3 198 18
3 198 19
4 198 1
4 198 2
4 198 3
4 198 4
4 198 5
4 198 6
4 198 7
4 198 8
4 198 9
4 198 10
4 198 11
4 198 12
4 198 13
4 198 14
4 198 15
4 198 16
4 198 17
4 198 18
4 198 19
1 199 1
1 199 2
1 199 3
1 199 4
1 199 5
1 199 6
1 199 7
1 199 8
1 199 9
1 199 10
1 199 11
1 199 12
1 199 13
1 199 14
1 199 15
1 199 16
1 199 17
1 199 18
1 199 19
2 199 1
2 199 2
2 199 3
2 199 4
2 199 5
2 199 6
2 199 7
2 199 8
2 199 9
2 199 10
2 199 11
2 199 12
2 199 13
2 199 14
2 199 15
2 199 16
2 199 17
2 199 18
2 199 19
3 199 1
3 199 2
3 199 3
3 199 4
3 199 5
3 199 6
3 199 7
3 199 8
3 199 9
3 199 10
3 199 11
3 199 12
3 199 13
3 199 14
3 199 15
3 199 16
3 199 17
3 199 18
3 199 19
4 199 1
4 199 2
4 199 3
4 199 4
4 199 5
4 199 6
4 199 7
4 199 8
4 199 9
4 199 10
4 199 11
4 199 12
4 199 13
4 199 14
4 199 15
4 199 16
4 199 17
4 199 18
4 199 19
1 74 1
1 74 2
1 74 3
1 74 4
1 74 5
1 74 6
1 74 7
1 74 8
1 74 9
1 74 10
1 74 11
1 74 12
1 74 13
1 74 14
1 74 15
1 74 16
1 74 17
1 74 18
1 74 19
2 74 1
2 74 2
2 74 3
2 74 4
2 74 5
2 74 6
2 74 7
2 74 8
2 74 9
2 74 10
2 74 11
2 74 12
2 74 13
2 74 14
2 74 15
2 74 16
2 74 17
2 74 18
2 74 19
3 74 1
3 74 2
3 74 3
3 74 4
3 74 5
3 74 6
3 74 7
3 74 8
3 74 9
3 74 10
3 74 11
3 74 12
3 74 13
3 74 14
3 74 15
3 74 16
3 74 17
3 74 18
3 74 19
4 74 1
4 74 2
4 74 3
4 74 4
4 74 5
4 74 6
4 74 7
4 74 8
4 74 9
4 74 10
4 74 11
4 74 12
4 74 13
4 74 14
4 74 15
4 74 16
4 74 17
4 74 18
4 74 19
1 75 1
1 75 2
1 75 3
1 75 4
1 75 5
1 75 6
1 75 7
1 75 8
1 75 9
1 75 10
1 75 11
1 75 12
1 75 13
1 75 14
1 75 15
1 75 16
1 75 17
1 75 18
1 75 19
2 75 1
2 75 2
2 75 3
2 75 4
2 75 5
2 75 6
2 75 7
2 75 8
2 75 9
2 75 10
2 75 11
2 75 12
2 75 13
2 75 14
2 75 15
2 75 16
2 75 17
2 75 18
2 75 19
3 75 1
3 75 2
3 75 3
3 75 4
3 75 5
3 75 6
3 75 7
3 75 8
3 75 9
3 75 10
3 75 11
3 75 12
3 75 13
3 75 14
3 75 15
3 75 16
3 75 17
3 75 18
3 75 19
4 75 1
4 75 2
4 75 3
4 75 4
4 75 5
4 75 6
4 75 7
4 75 8
4 75 9
4 75 10
4 75 11
4 75 12
4 75 13
4 75 14
4 75 15
4 75 16
4 75 17
4 75 18
4 75 19
1 76 1
1 76 2
1 76 3
1 76 4
1 76 5
1 76 6
1 76 7
1 76 8
1 76 9
1 76 10
1 76 11
1 76 12
1 76 13
1 76 14
1 76 15
1 76 16
1 76 17
1 76 18
1 76 19
2 76 1
2 76 2
2 76 3
2 76 4
2 76 5
2 76 6
2 76 7
2 76 8
2 76 9
2 76 10
2 76 11
2 76 12
2 76 13
2 76 14
2 76 15
2 76 16
2 76 17
2 76 18
2 76 19
3 76 1
3 76 2
3 76 3
3 76 4
3 76 5
3 76 6
3 76 7
3 76 8
3 76 9
3 76 10
3 76 11
3 76 12
3 76 13
3 76 14
3 76 15
3 76 16
3 76 17
3 76 18
3 76 19
4 76 1
4 76 2
4 76 3
4 76 4
4 76 5
4 76 6
4 76 7
4 76 8
4 76 9
4 76 10
4 76 11
4 76 12
4 76 13
4 76 14
4 76 15
4 76 16
4 76 17
4 76 18
4 76 19
1 77 1
1 77 2
1 77 3
1 77 4
1 77 5
1 77 6
1 77 7
1 77 8
1 77 9
1 77 10
1 77 11
1 77 12
1 77 13
1 77 14
1 77 15
1 77 16
1 77 17
1 77 18
1 77 19
2 77 1
2 77 2
2 77 3
2 77 4
2 77 5
2 77 6
2 77 7
2 77 8
2 77 9
2 77 10
2 77 11
2 77 12
2 77 13
2 77 14
2 77 15
2 77 16
2 77 17
2 77 18
2 77 19
3 77 1
3 77 2
3 77 3
3 77 4
3 77 5
3 77 6
3 77 7
3 77 8
3 77 9
3 77 10
3 77 11
3 77 12
3 77 13
3 77 14
3 77 15
3 77 16
3 77 17
3 77 18
3 77 19
4 77 1
4 77 2
4 77 3
4 77 4
4 77 5
4 77 6
4 77 7
4 77 8
4 77 9
4 77 10
4 77 11
4 77 12
4 77 13
4 77 14
4 77 15
4 77 16
4 77 17
4 77 18
4 77 19
1 78 1
1 78 2
1 78 3
1 78 4
1 78 5
1 78 6
1 78 7
1 78 8
1 78 9
1 78 10
1 78 11
1 78 12
1 78 13
1 78 14
1 78 15
1 78 16
1 78 17
1 78 18
1 78 19
2 78 1
2 78 2
2 78 3
2 78 4
2 78 5
2 78 6
2 78 7
2 78 8
2 78 9
2 78 10
2 78 11
2 78 12
2 78 13
2 78 14
2 78 15
2 78 16
2 78 17
2 78 18
2 78 19
3 78 1
3 78 2
3 78 3
3 78 4
3 78 5
3 78 6
3 78 7
3 78 8
3 78 9
3 78 10
3 78 11
3 78 12
3 78 13
3 78 14
3 78 15
3 78 16
3 78 17
3 78 18
3 78 19
4 78 1
4 78 2
4 78 3
4 78 4
4 78 5
4 78 6
4 78 7
4 78 8
4 78 9
4 78 10
4 78 11
4 78 12
4 78 13
4 78 14
4 78 15
4 78 16
4 78 17
4 78 18
4 78 19
1 79 1
1 79 2
1 79 3
1 79 4
1 79 5
1 79 6
1 79 7
1 79 8
1 79 9
1 79 10
1 79 11
1 79 12
1 79 13
1 79 14
1 79 15
1 79 16
1 79 17
1 79 18
1 79 19
2 79 1
2 79 2
2 79 3
2 79 4
2 79 5
2 79 6
2 79 7
2 79 8
2 79 9
2 79 10
2 79 11
2 79 12
2 79 13
2 79 14
2 79 15
2 79 16
2 79 17
2 79 18
2 79 19
3 79 1
3 79 2
3 79 3
3 79 4
3 79 5
3 79 6
3 79 7
3 79 8
3 79 9
3 79 10
3 79 11
3 79 12
3 79 13
3 79 14
3 79 15
3 79 16
3 79 17
3 79 18
3 79 19
4 79 1
4 79 2
4 79 3
4 79 4
4 79 5
4 79 6
4 79 7
4 79 8
4 79 9
4 79 10
4 79 11
4 79 12
4 79 13
4 79 14
4 79 15
4 79 16
4 79 17
4 79 18
4 79 19
1 80 1
1 80 2
1 80 3
1 80 4
1 80 5
1 80 6
1 80 7
1 80 8
1 80 9
1 80 10
1 80 11
1 80 12
1 80 13
1 80 14
1 80 15
1 80 16
1 80 17
1 80 18
1 80 19
2 80 1
2 80 2
2 80 3
2 80 4
2 80 5
2 80 6
2 80 7
2 80 8
2 80 9
2 80 10
2 80 11
2 80 12
2 80 13
2 80 14
2 80 15
2 80 16
2 80 17
2 80 18
2 80 19
3 80 1
3 80 2
3 80 3
3 80 4
3 80 5
3 80 6
3 80 7
3 80 8
3 80 9
3 80 10
3 80 11
3 80 12
3 80 13
3 80 14
3 80 15
3 80 16
3 80 17
3 80 18
3 80 19
4 80 1
4 80 2
4 80 3
4 80 4
4 80 5
4 80 6
4 80 7
4 80 8
4 80 9
4 80 10
4 80 11
4 80 12
4 80 13
4 80 14
4 80 15
4 80 16
4 80 17
4 80 18
4 80 19
1 81 1
1 81 2
1 81 3
1 81 4
1 81 5
1 81 6
1 81 7
1 81 8
1 81 9
1 81 10
1 81 11
1 81 12
1 81 13
1 81 14
1 81 15
1 81 16
1 81 17
1 81 18
1 81 19
2 81 1
2 81 2
2 81 3
2 81 4
2 81 5
2 81 6
2 81 7
2 81 8
2 81 9
2 81 10
2 81 11
2 81 12
2 81 13
2 81 14
2 81 15
2 81 16
2 81 17
2 81 18
2 81 19
3 81 1
3 81 2
3 81 3
3 81 4
3 81 5
3 81 6
3 81 7
3 81 8
3 81 9
3 81 10
3 81 11
3 81 12
3 81 13
3 81 14
3 81 15
3 81 16
3 81 17
3 81 18
3 81 19
4 81 1
4 81 2
4 81 3
4 81 4
4 81 5
4 81 6
4 81 7
4 81 8
4 81 9
4 81 10
4 81 11
4 81 12
4 81 13
4 81 14
4 81 15
4 81 16
4 81 17
4 81 18
4 81 19
1 82 1
1 82 2
1 82 3
1 82 4
1 82 5
1 82 6
1 82 7
1 82 8
1 82 9
1 82 10
1 82 11
1 82 12
1 82 13
1 82 14
1 82 15
1 82 16
1 82 17
1 82 18
1 82 19
2 82 1
2 82 2
2 82 3
2 82 4
2 82 5
2 82 6
2 82 7
2 82 8
2 82 9
2 82 10
2 82 11
2 82 12
2 82 13
2 82 14
2 82 15
2 82 16
2 82 17
2 82 18
2 82 19
3 82 1
3 82 2
3 82 3
3 82 4
3 82 5
3 82 6
3 82 7
3 82 8
3 82 9
3 82 10
3 82 11
3 82 12
3 82 13
3 82 14
3 82 15
3 82 16
3 82 17
3 82 18
3 82 19
4 82 1
4 82 2
4 82 3
4 82 4
4 82 5
4 82 6
4 82 7
4 82 8
4 82 9
4 82 10
4 82 11
4 82 12
4 82 13
4 82 14
4 82 15
4 82 16
4 82 17
4 82 18
4 82 19
1 83 1
1 83 2
1 83 3
1 83 4
1 83 5
1 83 6
1 83 7
1 83 8
1 83 9
1 83 10
1 83 11
1 83 12
1 83 13
1 83 14
1 83 15
1 83 16
1 83 17
1 83 18
1 83 19
2 83 1
2 83 2
2 83 3
2 83 4
2 83 5
2 83 6
2 83 7
2 83 8
2 83 9
2 83 10
2 83 11
2 83 12
2 83 13
2 83 14
2 83 15
2 83 16
2 83 17
2 83 18
2 83 19
3 83 1
3 83 2
3 83 3
3 83 4
3 83 5
3 83 6
3 83 7
3 83 8
3 83 9
3 83 10
3 83 11
3 83 12
3 83 13
3 83 14
3 83 15
3 83 16
3 83 17
3 83 18
3 83 19
4 83 1
4 83 2
4 83 3
4 83 4
4 83 5
4 83 6
4 83 7
4 83 8
4 83 9
4 83 10
4 83 11
4 83 12
4 83 13
4 83 14
4 83 15
4 83 16
4 83 17
4 83 18
4 83 19
1 84 1
1 84 2
1 84 3
1 84 4
1 84 5
1 84 6
1 84 7
1 84 8
1 84 9
1 84 10
1 84 11
1 84 12
1 84 13
1 84 14
1 84 15
1 84 16
1 84 17
1 84 18
1 84 19
2 84 1
2 84 2
2 84 3
2 84 4
2 84 5
2 84 6
2 84 7
2 84 8
2 84 9
2 84 10
2 84 11
2 84 12
2 84 13
2 84 14
2 84 15
2 84 16
2 84 17
2 84 18
2 84 19
3 84 1
3 84 2
3 84 3
3 84 4
3 84 5
3 84 6
3 84 7
3 84 8
3 84 9
3 84 10
3 84 11
3 84 12
3 84 13
3 84 14
3 84 15
3 84 16
3 84 17
3 84 18
3 84 19
4 84 1
4 84 2
4 84 3
4 84 4
4 84 5
4 84 6
4 84 7
4 84 8
4 84 9
4 84 10
4 84 11
4 84 12
4 84 13
4 84 14
4 84 15
4 84 16
4 84 17
4 84 18
4 84 19
1 85 1
1 85 2
1 85 3
1 85 4
1 85 5
1 85 6
1 85 7
1 85 8
1 85 9
1 85 10
1 85 11
1 85 12
1 85 13
1 85 14
1 85 15
1 85 16
1 85 17
1 85 18
1 85 19
2 85 1
2 85 2
2 85 3
2 85 4
2 85 5
2 85 6
2 85 7
2 85 8
2 85 9
2 85 10
2 85 11
2 85 12
2 85 13
2 85 14
2 85 15
2 85 16
2 85 17
2 85 18
2 85 19
3 85 1
3 85 2
3 85 3
3 85 4
3 85 5
3 85 6
3 85 7
3 85 8
3 85 9
3 85 10
3 85 11
3 85 12
3 85 13
3 85 14
3 85 15
3 85 16
3 85 17
3 85 18
3 85 19
4 85 1
4 85 2
4 85 3
4 85 4
4 85 5
4 85 6
4 85 7
4 85 8
4 85 9
4 85 10
4 85 11
4 85 12
4 85 13
4 85 14
4 85 15
4 85 16
4 85 17
4 85 18
4 85 19
1 86 1
1 86 2
1 86 3
1 86 4
1 86 5
1 86 6
1 86 7
1 86 8
1 86 9
1 86 10
1 86 11
1 86 12
1 86 13
1 86 14
1 86 15
1 86 16
1 86 17
1 86 18
1 86 19
2 86 1
2 86 2
2 86 3
2 86 4
2 86 5
2 86 6
2 86 7
2 86 8
2 86 9
2 86 10
2 86 11
2 86 12
2 86 13
2 86 14
2 86 15
2 86 16
2 86 17
2 86 18
2 86 19
3 86 1
3 86 2
3 86 3
3 86 4
3 86 5
3 86 6
3 86 7
3 86 8
3 86 9
3 86 10
3 86 11
3 86 12
3 86 13
3 86 14
3 86 15
3 86 16
3 86 17
3 86 18
3 86 19
4 86 1
4 86 2
4 86 3
4 86 4
4 86 5
4 86 6
4 86 7
4 86 8
4 86 9
4 86 10
4 86 11
4 86 12
4 86 13
4 86 14
4 86 15
4 86 16
4 86 17
4 86 18
4 86 19
1 87 1
1 87 2
1 87 3
1 87 4
1 87 5
1 87 6
1 87 7
1 87 8
1 87 9
1 87 10
1 87 11
1 87 12
1 87 13
1 87 14
1 87 15
1 87 16
1 87 17
1 87 18
1 87 19
2 87 1
2 87 2
2 87 3
2 87 4
2 87 5
2 87 6
2 87 7
2 87 8
2 87 9
2 87 10
2 87 11
2 87 12
2 87 13
2 87 14
2 87 15
2 87 16
2 87 17
2 87 18
2 87 19
3 87 1
3 87 2
3 87 3
3 87 4
3 87 5
3 87 6
3 87 7
3 87 8
3 87 9
3 87 10
3 87 11
3 87 12
3 87 13
3 87 14
3 87 15
3 87 16
3 87 17
3 87 18
3 87 19
4 87 1
4 87 2
4 87 3
4 87 4
4 87 5
4 87 6
4 87 7
4 87 8
4 87 9
4 87 10
4 87 11
4 87 12
4 87 13
4 87 14
4 87 15
4 87 16
4 87 17
4 87 18
4 87 19
1 88 1
1 88 2
1 88 3
1 88 4
1 88 5
1 88 6
1 88 7
1 88 8
1 88 9
1 88 10
1 88 11
1 88 12
1 88 13
1 88 14
1 88 15
1 88 16
1 88 17
1 88 18
1 88 19
2 88 1
2 88 2
2 88 3
2 88 4
2 88 5
2 88 6
2 88 7
2 88 8
2 88 9
2 88 10
2 88 11
2 88 12
2 88 13
2 88 14
2 88 15
2 88 16
2 88 17
2 88 18
2 88 19
3 88 1
3 88 2
3 88 3
3 88 4
3 88 5
3 88 6
3 88 7
3 88 8
3 88 9
3 88 10
3 88 11
3 88 12
3 88 13
3 88 14
3 88 15
3 88 16
3 88 17
3 88 18
3 88 19
4 88 1
4 88 2
4 88 3
4 88 4
4 88 5
4 88 6
4 88 7
4 88 8
4 88 9
4 88 10
4 88 11
4 88 12
4 88 13
4 88 14
4 88 15
4 88 16
4 88 17
4 88 18
4 88 19
1 89 1
1 89 2
1 89 3
1 89 4
1 89 5
1 89 6
1 89 7
1 89 8
1 89 9
1 89 10
1 89 11
1 89 12
1 89 13
1 89 14
1 89 15
1 89 16
1 89 17
1 89 18
1 89 19
2 89 1
2 89 2
2 89 3
2 89 4
2 89 5
2 89 6
2 89 7
2 89 8
2 89 9
2 89 10
2 89 11
2 89 12
2 89 13
2 89 14
2 89 15
2 89 16
2 89 17
2 89 18
2 89 19
3 89 1
3 89 2
3 89 3
3 89 4
3 89 5
3 89 6
3 89 7
3 89 8
3 89 9
3 89 10
3 89 11
3 89 12
3 89 13
3 89 14
3 89 15
3 89 16
3 89 17
3 89 18
3 89 19
4 89 1
4 89 2
4 89 3
4 89 4
4 89 5
4 89 6
4 89 7
4 89 8
4 89 9
4 89 10
4 89 11
4 89 12
4 89 13
4 89 14
4 89 15
4 89 16
4 89 17
4 89 18
4 89 19
1 90 1
1 90 2
1 90 3
1 90 4
1 90 5
1 90 6
1 90 7
1 90 8
1 90 9
1 90 10
1 90 11
1 90 12
1 90 13
1 90 14
1 90 15
1 90 16
1 90 17
1 90 18
1 90 19
2 90 1
2 90 2
2 90 3
2 90 4
2 90 5
2 90 6
2 90 7
2 90 8
2 90 9
2 90 10
2 90 11
2 90 12
2 90 13
2 90 14
2 90 15
2 90 16
2 90 17
2 90 18
2 90 19
3 90 1
3 90 2
3 90 3
3 90 4
3 90 5
3 90 6
3 90 7
3 90 8
3 90 9
3 90 10
3 90 11
3 90 12
3 90 13
3 90 14
3 90 15
3 90 16
3 90 17
3 90 18
3 90 19
4 90 1
4 90 2
4 90 3
4 90 4
4 90 5
4 90 6
4 90 7
4 90 8
4 90 9
4 90 10
4 90 11
4 90 12
4 90 13
4 90 14
4 90 15
4 90 16
4 90 17
4 90 18
4 90 19
1 91 1
1 91 2
1 91 3
1 91 4
1 91 5
1 91 6
1 91 7
1 91 8
1 91 9
1 91 10
1 91 11
1 91 12
1 91 13
1 91 14
1 91 15
1 91 16
1 91 17
1 91 18
1 91 19
2 91 1
2 91 2
2 91 3
2 91 4
2 91 5
2 91 6
2 91 7
2 91 8
2 91 9
2 91 10
2 91 11
2 91 12
2 91 13
2 91 14
2 91 15
2 91 16
2 91 17
2 91 18
2 91 19
3 91 1
3 91 2
3 91 3
3 91 4
3 91 5
3 91 6
3 91 7
3 91 8
3 91 9
3 91 10
3 91 11
3 91 12
3 91 13
3 91 14
3 91 15
3 91 16
3 91 17
3 91 18
3 91 19
4 91 1
4 91 2
4 91 3
4 91 4
4 91 5
4 91 6
4 91 7
4 91 8
4 91 9
4 91 10
4 91 11
4 91 12
4 91 13
4 91 14
4 91 15
4 91 16
4 91 17
4 91 18
4 91 19
1 92 1
1 92 2
1 92 3
1 92 4
1 92 5
1 92 6
1 92 7
1 92 8
1 92 9
1 92 10
1 92 11
1 92 12
1 92 13
1 92 14
1 92 15
1 92 16
1 92 17
1 92 18
1 92 19
2 92 1
2 92 2
2 92 3
2 92 4
2 92 5
2 92 6
2 92 7
2 92 8
2 92 9
2 92 10
2 92 11
2 92 12
2 92 13
2 92 14
2 92 15
2 92 16
2 92 17
2 92 18
2 92 19
3 92 1
3 92 2
3 92 3
3 92 4
3 92 5
3 92 6
3 92 7
3 92 8
3 92 9
3 92 10
3 92 11
3 92 12
3 92 13
3 92 14
3 92 15
3 92 16
3 92 17
3 92 18
3 92 19
4 92 1
4 92 2
4 92 3
4 92 4
4 92 5
4 92 6
4 92 7
4 92 8
4 92 9
4 92 10
4 92 11
4 92 12
4 92 13
4 92 14
4 92 15
4 92 16
4 92 17
4 92 18
4 92 19
1 93 1
1 93 2
1 93 3
1 93 4
1 93 5
1 93 6
1 93 7
1 93 8
1 93 9
1 93 10
1 93 11
1 93 12
1 93 13
1 93 14
1 93 15
1 93 16
1 93 17
1 93 18
1 93 19
2 93 1
2 93 2
2 93 3
2 93 4
2 93 5
2 93 6
2 93 7
2 93 8
2 93 9
2 93 10
2 93 11
2 93 12
2 93 13
2 93 14
2 93 15
2 93 16
2 93 17
2 93 18
2 93 19
3 93 1
3 93 2
3 93 3
3 93 4
3 93 5
3 93 6
3 93 7
3 93 8
3 93 9
3 93 10
3 93 11
3 93 12
3 93 13
3 93 14
3 93 15
3 93 16
3 93 17
3 93 18
3 93 19
4 93 1
4 93 2
4 93 3
4 93 4
4 93 5
4 93 6
4 93 7
4 93 8
4 93 9
4 93 10
4 93 11
4 93 12
4 93 13
4 93 14
4 93 15
4 93 16
4 93 17
4 93 18
4 93 19
1 94 1
1 94 2
1 94 3
1 94 4
1 94 5
1 94 6
1 94 7
1 94 8
1 94 9
1 94 10
1 94 11
1 94 12
1 94 13
1 94 14
1 94 15
1 94 16
1 94 17
1 94 18
1 94 19
2 94 1
2 94 2
2 94 3
2 94 4
2 94 5
2 94 6
2 94 7
2 94 8
2 94 9
2 94 10
2 94 11
2 94 12
2 94 13
2 94 14
2 94 15
2 94 16
2 94 17
2 94 18
2 94 19
3 94 1
3 94 2
3 94 3
3 94 4
3 94 5
3 94 6
3 94 7
3 94 8
3 94 9
3 94 10
3 94 11
3 94 12
3 94 13
3 94 14
3 94 15
3 94 16
3 94 17
3 94 18
3 94 19
4 94 1
4 94 2
4 94 3
4 94 4
4 94 5
4 94 6
4 94 7
4 94 8
4 94 9
4 94 10
4 94 11
4 94 12
4 94 13
4 94 14
4 94 15
4 94 16
4 94 17
4 94 18
4 94 19
1 95 1
1 95 2
1 95 3
1 95 4
1 95 5
1 95 6
1 95 7
1 95 8
1 95 9
1 95 10
1 95 11
1 95 12
1 95 13
1 95 14
1 95 15
1 95 16
1 95 17
1 95 18
1 95 19
2 95 1
2 95 2
2 95 3
2 95 4
2 95 5
2 95 6
2 95 7
2 95 8
2 95 9
2 95 10
2 95 11
2 95 12
2 95 13
2 95 14
2 95 15
2 95 16
2 95 17
2 95 18
2 95 19
3 95 1
3 95 2
3 95 3
3 95 4
3 95 5
3 95 6
3 95 7
3 95 8
3 95 9
3 95 10
3 95 11
3 95 12
3 95 13
3 95 14
3 95 15
3 95 16
3 95 17
3 95 18
3 95 19
4 95 1
4 95 2
4 95 3
4 95 4
4 95 5
4 95 6
4 95 7
4 95 8
4 95 9
4 95 10
4 95 11
4 95 12
4 95 13
4 95 14
4 95 15
4 95 16
4 95 17
4 95 18
4 95 19
1 96 1
1 96 2
1 96 3
1 96 4
1 96 5
1 96 6
1 96 7
1 96 8
1 96 9
1 96 10
1 96 11
1 96 12
1 96 13
1 96 14
1 96 15
1 96 16
1 96 17
1 96 18
1 96 19
2 96 1
2 96 2
2 96 3
2 96 4
2 96 5
2 96 6
2 96 7
2 96 8
2 96 9
2 96 10
2 96 11
2 96 12
2 96 13
2 96 14
2 96 15
2 96 16
2 96 17
2 96 18
2 96 19
3 96 1
3 96 2
3 96 3
3 96 4
3 96 5
3 96 6
3 96 7
3 96 8
3 96 9
3 96 10
3 96 11
3 96 12
3 96 13
3 96 14
3 96 15
3 96 16
3 96 17
3 96 18
3 96 19
4 96 1
4 96 2
4 96 3
4 96 4
4 96 5
4 96 6
4 96 7
4 96 8
4 96 9
4 96 10
4 96 11
4 96 12
4 96 13
4 96 14
4 96 15
4 96 16
4 96 17
4 96 18
4 96 19
1 97 1
1 97 2
1 97 3
1 97 4
1 97 5
1 97 6
1 97 7
1 97 8
1 97 9
1 97 10
1 97 11
1 97 12
1 97 13
1 97 14
1 97 15
1 97 16
1 97 17
1 97 18
1 97 19
2 97 1
2 97 2
2 97 3
2 97 4
2 97 5
2 97 6
2 97 7
2 97 8
2 97 9
2 97 10
2 97 11
2 97 12
2 97 13
2 97 14
2 97 15
2 97 16
2 97 17
2 97 18
2 97 19
3 97 1
3 97 2
3 97 3
3 97 4
3 97 5
3 97 6
3 97 7
3 97 8
3 97 9
3 97 10
3 97 11
3 97 12
3 97 13
3 97 14
3 97 15
3 97 16
3 97 17
3 97 18
3 97 19
4 97 1
4 97 2
4 97 3
4 97 4
4 97 5
4 97 6
4 97 7
4 97 8
4 97 9
4 97 10
4 97 11
4 97 12
4 97 13
4 97 14
4 97 15
4 97 16
4 97 17
4 97 18
4 97 19
1 98 1
1 98 2
1 98 3
1 98 4
1 98 5
1 98 6
1 98 7
1 98 8
1 98 9
1 98 10
1 98 11
1 98 12
1 98 13
1 98 14
1 98 15
1 98 16
1 98 17
1 98 18
1 98 19
2 98 1
2 98 2
2 98 3
2 98 4
2 98 5
2 98 6
2 98 7
2 98 8
2 98 9
2 98 10
2 98 11
2 98 12
2 98 13
2 98 14
2 98 15
2 98 16
2 98 17
2 98 18
2 98 19
3 98 1
3 98 2
3 98 3
3 98 4
3 98 5
3 98 6
3 98 7
3 98 8
3 98 9
3 98 10
3 98 11
3 98 12
3 98 13
3 98 14
3 98 15
3 98 16
3 98 17
3 98 18
3 98 19
4 98 1
4 98 2
4 98 3
4 98 4
4 98 5
4 98 6
4 98 7
4 98 8
4 98 9
4 98 10
4 98 11
4 98 12
4 98 13
4 98 14
4 98 15
4 98 16
4 98 17
4 98 18
4 98 19
1 99 1
1 99 2
1 99 3
1 99 4
1 99 5
1 99 6
1 99 7
1 99 8
1 99 9
1 99 10
1 99 11
1 99 12
1 99 13
1 99 14
1 99 15
1 99 16
1 99 17
1 99 18
1 99 19
2 99 1
2 99 2
2 99 3
2 99 4
2 99 5
2 99 6
2 99 7
2 99 8
2 99 9
2 99 10
2 99 11
2 99 12
2 99 13
2 99 14
2 99 15
2 99 16
2 99 17
2 99 18
2 99 19
3 99 1
3 99 2
3 99 3
3 99 4
3 99 5
3 99 6
3 99 7
3 99 8
3 99 9
3 99 10
3 99 11
3 99 12
3 99 13
3 99 14
3 99 15
3 99 16
3 99 17
3 99 18
3 99 19
4 99 1
4 99 2
4 99 3
4 99 4
4 99 5
4 99 6
4 99 7
4 99 8
4 99 9
4 99 10
4 99 11
4 99 12
4 99 13
4 99 14
4 99 15
4 99 16
4 99 17
4 99 18
4 99 19
