8.399999886751174927e-02 5.336010153387249488e-01
2.520000040531158447e-01 8.952233608679817101e-01
4.200000166893005371e-01 8.333484211042700984e-01
5.879999995231628418e-01 1.054355803638283628e+00
7.559999823570251465e-01 9.464088252489650799e-01
9.240000247955322266e-01 6.538154676478384886e-01
1.092000007629394531e+00 3.807919092441141018e-01
1.259999990463256836e+00 1.867082922511548726e-01
1.427999973297119141e+00 2.171038887976209086e-01
1.595999956130981445e+00 6.204320970388032402e-02
1.763999938964843750e+00 3.677141222911001206e-02
1.931999921798706055e+00 6.107522075098857639e-02
2.099999904632568359e+00 1.525566458718441085e-02
2.268000125885009766e+00 1.428771897199753761e-02
2.435999870300292969e+00 3.587711464986126798e-03
2.604000091552734375e+00 2.093708450241170849e-03
2.771999835968017578e+00 5.965490910988662486e-03
2.940000057220458984e+00 1.517149540325511692e-02
3.107999801635742188e+00 1.335133680078414917e-02
3.276000022888183594e+00 1.126814949853414093e-02
3.443999767303466797e+00 6.407379126617452139e-03
3.611999988555908203e+00 1.999018118320716048e-03
3.779999971389770508e+00 9.574231084607087282e-04
3.947999954223632812e+00 3.366767357171732188e-04
4.116000175476074219e+00 1.052116292235791712e-04
4.283999919891357422e+00 1.683381289601246157e-04
4.451999664306640625e+00 1.262539550682950109e-04
4.619999885559082031e+00 3.156339918002336884e-05
4.788000106811523438e+00 1.052116292235791644e-05
4.955999851226806641e+00 1.052113306000778848e-05
